# enthalpy_of_formation, melting_point, unit_cell_volume
-8.974548810289633138e+02 9.982663372188840185e+02 1.012489559606679395e+05
-8.976710519687138685e+02 9.992893131153150534e+02 1.012495887003925163e+05
-8.992276544724709311e+02 1.006009124371352414e+03 1.012482018549730128e+05
-8.977368440350149967e+02 1.006015440127434772e+03 1.012502551355947944e+05
-8.976492197503953321e+02 9.973775603434411323e+02 1.012477743399562314e+05
-8.967463381659199513e+02 1.003726819192734638e+03 1.012473895133816986e+05
-8.966295803246598553e+02 9.961480747027408142e+02 1.012482341442396282e+05
-8.975378699480925206e+02 9.990942330174684685e+02 1.012481570305684872e+05
-8.988828796710604365e+02 9.992211864242459569e+02 1.012478109845909639e+05
-8.998236043513711593e+02 9.995284743187431786e+02 1.012503115999829897e+05
-9.003698313118062515e+02 1.006272492878159937e+03 1.012467668089387589e+05
-9.000021703213560613e+02 1.003522003358996699e+03 1.012452906631961960e+05
-8.993340854356994214e+02 1.005624055695569496e+03 1.012455081087922881e+05
-8.985515041146798012e+02 1.005536165895523027e+03 1.012480632064908859e+05
-9.003473581492784206e+02 1.005996678424220249e+03 1.012487992689409584e+05
-9.015985958178113151e+02 9.982832419893189808e+02 1.012483727255911508e+05
-9.023588346497901966e+02 1.005241634503989189e+03 1.012456521810380218e+05
-9.008994756603485712e+02 9.990830816179784506e+02 1.012507204290448281e+05
-9.003365788265034553e+02 9.962376979049171268e+02 1.012511620917167602e+05
-8.990977160266749024e+02 1.004662337729318551e+03 1.012465547719979950e+05
-8.981491995502310601e+02 9.992870121620262580e+02 1.012499917906014889e+05
-9.001882293961499499e+02 9.967936536362574316e+02 1.012477227193018771e+05
-8.950814800789084984e+02 9.981718832157846464e+02 1.012474196090671903e+05
-9.005750941841301938e+02 1.005326179104870789e+03 1.012468501530251815e+05
-9.000106564885952594e+02 1.005006365178863916e+03 1.012506590860179567e+05
-8.976091607904697867e+02 1.000194271576664050e+03 1.012472012994412216e+05
-9.010528565883895453e+02 9.972673203807307800e+02 1.012477564396405942e+05
-8.985985692579540682e+02 9.989517735869075068e+02 1.012493787794320961e+05
-8.980037676550858805e+02 1.003259297346656695e+03 1.012476196718702267e+05
-8.977099807790725663e+02 1.004131126124717525e+03 1.012487413909307652e+05
-8.965127513609375001e+02 1.004546126228305639e+03 1.012504003746389790e+05
-9.000618046931300569e+02 1.006608352908817096e+03 1.012484847830547660e+05
-8.987307767723618781e+02 9.969456769984278708e+02 1.012479360270588368e+05
-8.982831172554297154e+02 1.004129631418896906e+03 1.012450092408197524e+05
-8.996572021576414500e+02 1.004460858371598306e+03 1.012483973475091188e+05
-8.978228827163070491e+02 1.004421177590190837e+03 1.012474624240474513e+05
-8.982829747570320933e+02 1.005268759025042755e+03 1.012456993324084906e+05
-8.999715855584612427e+02 1.004549680186127262e+03 1.012481997495553223e+05
-8.986188733890423919e+02 1.003603519008369176e+03 1.012459299083517399e+05
-8.987913087829081178e+02 1.004871031106851660e+03 1.012467235888999858e+05
-8.984473786281181447e+02 9.987621894815276846e+02 1.012499625402714300e+05
-8.986356552611089228e+02 1.004717188338424421e+03 1.012502078416016157e+05
-8.999487878900152964e+02 9.999232480035277604e+02 1.012496799841254251e+05
-8.979337595098625115e+02 9.962086035776756034e+02 1.012485017951737100e+05
-8.999003270541787742e+02 9.970387083531296639e+02 1.012491666775453195e+05
-9.001649139185692547e+02 9.984494271610965370e+02 1.012481802870993124e+05
-8.990053819459952820e+02 1.006657676749252232e+03 1.012490909110580105e+05
-8.969186244123068263e+02 9.985563343249438049e+02 1.012511452706593846e+05
-8.995425639223960843e+02 9.998489282999519219e+02 1.012488323179598374e+05
-8.992390991890280247e+02 1.003730749154022760e+03 1.012485945241207955e+05
-8.977010667173124148e+02 9.963858380826717394e+02 1.012502213917755580e+05
-8.976294722542342015e+02 1.005177124214545302e+03 1.012449133629146236e+05
-8.974780725203301017e+02 1.001232801907861472e+03 1.012462153350323351e+05
-8.976584615593146737e+02 1.004779614650235317e+03 1.012492347594645980e+05
-9.001986467189891528e+02 9.960105411435633869e+02 1.012493313820853364e+05
-8.982301620639518660e+02 1.004937730260011676e+03 1.012460155964331789e+05
-8.978450241812067816e+02 1.004217583049750374e+03 1.012474684419431724e+05
-8.995358441564934537e+02 9.954751367734030509e+02 1.012471988816215744e+05
-8.980689913401502054e+02 9.988850667921967670e+02 1.012480124516072974e+05
-9.001844832834196950e+02 9.977999454671198691e+02 1.012463016006264952e+05
-8.986665751997049938e+02 1.002194842953046532e+03 1.012471701810526283e+05
-8.984380671694419789e+02 9.988006915964730297e+02 1.012484015875766345e+05
-9.016871787161364864e+02 1.001169405067466982e+03 1.012483825749692915e+05
-9.005676794201650637e+02 9.975887261029602087e+02 1.012456494849810406e+05
-8.985700220748437914e+02 1.003352304186926972e+03 1.012475111557724595e+05
-8.984125371670918412e+02 1.003148913215780340e+03 1.012488641413083678e+05
-8.988151600320261423e+02 9.997938627855437517e+02 1.012482367617175623e+05
-8.969090150838914042e+02 9.978300428883993618e+02 1.012479611214266333e+05
-8.983646423695566909e+02 1.004553797570507186e+03 1.012490078146767628e+05
-9.000324205931174220e+02 1.003764457585137507e+03 1.012468355480983737e+05
-9.007777606706821416e+02 9.984201508773737714e+02 1.012492796882076655e+05
-9.004468909238903507e+02 9.955289979730669074e+02 1.012512951130523579e+05
-8.962493430514340389e+02 1.003982537343148238e+03 1.012473067425644404e+05
-8.996123134186780135e+02 9.997345727452484425e+02 1.012488702353585104e+05
-8.998020802280907446e+02 1.003173230628177521e+03 1.012482618022602983e+05
-9.012727468421958292e+02 1.002403956755805439e+03 1.012477966724942380e+05
-8.969523075857390495e+02 9.991006930037418670e+02 1.012495712015002791e+05
-8.994725266767452467e+02 9.968540812377406155e+02 1.012487465439341613e+05
-9.003554001264074031e+02 1.005708385142777047e+03 1.012472668066317856e+05
-8.983621805605437203e+02 1.004571976626048126e+03 1.012468561339221196e+05
-8.976159725795348550e+02 9.981930323190633771e+02 1.012463911063781998e+05
-8.990363029257990775e+02 9.994376778047869720e+02 1.012498002196550078e+05
-8.997406909275142652e+02 1.003584303606436492e+03 1.012489858049689501e+05
-8.992970970971384759e+02 1.003999442066298343e+03 1.012478904433524585e+05
-8.981776473711228164e+02 9.992779907676283528e+02 1.012495249254447554e+05
-8.987834557704057943e+02 1.000793643232264344e+03 1.012488274509608746e+05
-8.995122341246838005e+02 1.005009437044718084e+03 1.012485224381287699e+05
-8.976808395121186095e+02 1.006366233427037855e+03 1.012460569500395504e+05
-8.994704162405561192e+02 1.003840267873877679e+03 1.012455412618119444e+05
-8.997191238834226397e+02 1.005026009538108610e+03 1.012457440719997685e+05
-8.991346169208741230e+02 1.003315957877240862e+03 1.012472839165725163e+05
-9.024566599814752408e+02 1.004681013949980752e+03 1.012450306575797440e+05
-8.988768857033345512e+02 1.003631539283427401e+03 1.012470812606298423e+05
-8.965736478860731040e+02 9.960010266772287650e+02 1.012493659527513228e+05
-8.956190979854720808e+02 1.002122238815550190e+03 1.012481239052973833e+05
-9.004007370761820539e+02 1.004682532268063710e+03 1.012492857502173283e+05
-9.000468119804722846e+02 9.974931689338862952e+02 1.012490356532990991e+05
-8.996019645620169740e+02 1.001901033253989567e+03 1.012467244961086544e+05
-9.013981375174561208e+02 1.005219356396109220e+03 1.012462719786347589e+05
-8.978753699291798966e+02 9.980547245741232700e+02 1.012510652338975051e+05
-9.020401597727668559e+02 9.963034643908031285e+02 1.012482393568479747e+05
-8.990407130008462673e+02 9.993632948661829687e+02 1.012489331605393963e+05
-8.999197040249015345e+02 1.003946904732844359e+03 1.012459191761579568e+05
-8.997637097464968292e+02 1.003489495113423345e+03 1.012486793425908254e+05
-8.994838785854940397e+02 1.003694332631780753e+03 1.012467592000347795e+05
-8.966345737898273001e+02 1.003915928379933234e+03 1.012485177643903735e+05
-8.971415605724401985e+02 9.977719344723392396e+02 1.012476276521839463e+05
-8.997452705991446464e+02 1.007759662373974379e+03 1.012464652437873592e+05
-9.007995508817434711e+02 1.000315028970453341e+03 1.012489647468079638e+05
-9.012314824326489315e+02 1.006775989725759700e+03 1.012483016091546742e+05
-8.973027320754395078e+02 9.991573255405187410e+02 1.012483815137133788e+05
-8.992936171751720167e+02 1.002697658395182543e+03 1.012496369451118226e+05
-8.987649732967141745e+02 1.004335380359461510e+03 1.012482044492069690e+05
-8.996284953419133217e+02 1.006137454933022013e+03 1.012483676799885579e+05
-8.970044932018737427e+02 9.978762278388918503e+02 1.012500917505825928e+05
-9.001172969096455745e+02 1.004598623428541600e+03 1.012485874040611088e+05
-8.996602063529203406e+02 1.005597681344441071e+03 1.012440718388819660e+05
-8.980984000898636168e+02 1.004316729175824776e+03 1.012488457738341240e+05
-9.016734055141355384e+02 9.992135621180653970e+02 1.012496484052503074e+05
-9.013458556144476006e+02 1.002262648347312052e+03 1.012515727643436257e+05
-8.975043631019150325e+02 9.999510722501879627e+02 1.012500682617658167e+05
-9.017150738286881051e+02 1.006293479790996912e+03 1.012466083578851249e+05
-9.006632351851898193e+02 9.979996913016992721e+02 1.012498530626754800e+05
-8.992810494182868979e+02 1.005461473154268901e+03 1.012492905237523810e+05
-8.984945050117119081e+02 1.004074625692130212e+03 1.012461072374381911e+05
-8.993013104279675645e+02 1.003092314596023925e+03 1.012458854654720926e+05
-9.003410154356686235e+02 1.005352858052830129e+03 1.012464634340902558e+05
-9.005544595165589499e+02 9.991886981253134081e+02 1.012483839550217672e+05
-9.002633877294420017e+02 1.004156108540810237e+03 1.012470600500918808e+05
-8.979029474201465746e+02 1.002520369894642727e+03 1.012492151469875389e+05
-8.989288369301530111e+02 1.004538547134396481e+03 1.012484035390757344e+05
-8.991260923294404392e+02 1.006873801409922407e+03 1.012469381352883647e+05
-9.006245752016636743e+02 9.975695982064037253e+02 1.012502999948580400e+05
-9.014445766927904060e+02 1.003984676907127437e+03 1.012467120676796476e+05
-8.991391604755256139e+02 9.972193118855557259e+02 1.012475047418780159e+05
-9.009432636812598503e+02 1.003425640521031710e+03 1.012476627993528673e+05
-8.998687256119104632e+02 9.996351884653788602e+02 1.012462056663715921e+05
-8.973733034141229155e+02 1.006250820285937721e+03 1.012520996036002762e+05
-8.992979959407371098e+02 1.001205968633568773e+03 1.012488044065554568e+05
-8.986643557816689736e+02 1.003749085577992673e+03 1.012495140712051361e+05
-8.986050862748647887e+02 1.004812143515272282e+03 1.012510868328636570e+05
-8.989458118277592575e+02 1.005397423170714660e+03 1.012482487418875680e+05
-9.004228412876450420e+02 1.002409184803794915e+03 1.012487340011603956e+05
-9.022322888091928235e+02 9.985332031715997800e+02 1.012484262498853786e+05
-9.002432194042846731e+02 1.004715561864034271e+03 1.012467188948969415e+05
-8.997042830477623738e+02 9.979981130441999539e+02 1.012498132419832109e+05
-8.983043743815512698e+02 1.000363949254341378e+03 1.012487672920062323e+05
-9.009079391283617042e+02 9.990986612412294789e+02 1.012499497043480951e+05
-8.975280529502658737e+02 1.004349690063956132e+03 1.012479508051537559e+05
-8.970301356516439455e+02 1.003077547681024043e+03 1.012459532465818775e+05
-9.002614941645293811e+02 9.997961808858226505e+02 1.012470389922490867e+05
-8.975985972951650638e+02 1.004076751515001888e+03 1.012479004392437346e+05
-8.970054919484319953e+02 9.985558530189484827e+02 1.012493663484455028e+05
-8.990385277290173462e+02 1.000769494513321320e+03 1.012490565538645315e+05
-8.998224648002670847e+02 1.005271370237638166e+03 1.012495730311709340e+05
-9.014481932923217755e+02 9.985010370427701218e+02 1.012504993697236932e+05
-8.980635326323071013e+02 1.001878353260982067e+03 1.012480187783348374e+05
-8.996030227805923687e+02 9.984429023309617151e+02 1.012500804171561613e+05
-9.006056726174310825e+02 1.005534159083435384e+03 1.012487499630154052e+05
-8.984111448485101619e+02 9.978716167499335370e+02 1.012474611262640974e+05
-8.990871156489445184e+02 1.002869869826709191e+03 1.012475362948578841e+05
-8.995456727053348231e+02 1.002273704040226789e+03 1.012465063028685981e+05
-8.958254998055978149e+02 1.005708455916195135e+03 1.012480026247561327e+05
-8.993574454368178976e+02 1.003015407465736871e+03 1.012481316989369516e+05
-8.993546576742127172e+02 9.990399611393858095e+02 1.012509044203863305e+05
-8.958159893202023341e+02 9.999485502804618591e+02 1.012487894598299899e+05
-8.990817136090587383e+02 9.957060442413360306e+02 1.012483762125592330e+05
-9.012473232280901811e+02 9.983806389085198134e+02 1.012467687790264317e+05
-8.990588645789856628e+02 1.005922579419617136e+03 1.012450489439481753e+05
-8.988991543452771111e+02 9.985408447706863626e+02 1.012517069017621106e+05
-9.015417624656964790e+02 1.004626235713387587e+03 1.012482010963694338e+05
-8.998847986050179770e+02 9.983634165178557396e+02 1.012469718127773958e+05
-8.985456384420390350e+02 1.005589033245302403e+03 1.012470787291314919e+05
-8.963989729953761980e+02 9.981606683321356286e+02 1.012512794391175557e+05
-8.973337760382937631e+02 1.002683890064903267e+03 1.012463340645428107e+05
-8.987914302196015797e+02 9.989346948487972213e+02 1.012491567579638941e+05
-8.998182657456668494e+02 9.991726653483510745e+02 1.012487762935017236e+05
-8.964794575622112234e+02 1.004281500772416393e+03 1.012492873764269752e+05
-8.983651654849454644e+02 1.003974475784951551e+03 1.012464292125904176e+05
-9.001822471382748745e+02 9.971327343833067971e+02 1.012486838464248285e+05
-8.996040361917295058e+02 1.003538348217997964e+03 1.012483311557629495e+05
-8.977202846911083043e+02 1.004719095186217601e+03 1.012465986106657656e+05
-9.003610304443253654e+02 9.999582780625969463e+02 1.012468707449162030e+05
-8.996825142041567460e+02 1.004575794971275172e+03 1.012473010424704698e+05
-8.997600480271139531e+02 9.979178497400075685e+02 1.012474789991723665e+05
-9.008151884688678592e+02 9.965066404311162387e+02 1.012466185006811866e+05
-8.997480292078907951e+02 1.000197165061828855e+03 1.012493641537922667e+05
-8.995530545184401490e+02 9.979405528901950220e+02 1.012460793394213542e+05
-8.975587713667279104e+02 1.004838336923210022e+03 1.012491151272737188e+05
-8.985258512322451452e+02 9.999876637689956169e+02 1.012474099144528154e+05
-8.989560288983054761e+02 1.007813224536478401e+03 1.012476406182539067e+05
-8.984428092083609272e+02 1.000920440983345088e+03 1.012465215072559804e+05
-8.996133748558789875e+02 9.965783366186503827e+02 1.012447518435431994e+05
-8.986766820084870915e+02 9.980498021717423853e+02 1.012471805774835520e+05
-8.978533602308652917e+02 9.989636953004596762e+02 1.012513652784026344e+05
-8.991894640290523739e+02 1.001812737609644500e+03 1.012482279893311497e+05
-9.010359750098280074e+02 1.005019134880831757e+03 1.012482779418934952e+05
-8.985137824457516444e+02 1.004280264160044567e+03 1.012482966597738850e+05
-9.006699749036088178e+02 1.006872245159463318e+03 1.012468670949905936e+05
-8.984341355204833235e+02 1.002895314968431649e+03 1.012495807990085450e+05
-9.000352289124396066e+02 1.004351533164859916e+03 1.012471014984038629e+05
-8.999247162579401902e+02 1.006632152097521157e+03 1.012484856242534297e+05
-9.000554863379965127e+02 1.002482671222807198e+03 1.012473938835729932e+05
-8.967802361379939384e+02 9.983804810345911847e+02 1.012482476278808317e+05
-8.997143584036218726e+02 1.001135083828238066e+03 1.012483281524691993e+05
-8.990996352328960484e+02 1.003527508763682818e+03 1.012465870227323903e+05
-9.011619001664884081e+02 9.968714829702494171e+02 1.012515597814524663e+05
-8.984964923088081150e+02 1.001378164680381929e+03 1.012467400239671842e+05
-8.990275504401623721e+02 1.000495149657415141e+03 1.012502794304583222e+05
-8.997202364586067915e+02 1.005836473205831453e+03 1.012472264565113001e+05
-8.992946993011036056e+02 9.980654386370420070e+02 1.012492436517102906e+05
-9.001671176132812207e+02 9.984993694066954504e+02 1.012494033209082554e+05
-9.007139686345885821e+02 1.003207770698151080e+03 1.012474779478076671e+05
-9.005923784031967898e+02 1.001536204211518452e+03 1.012489750592616037e+05
-9.005770136156805847e+02 9.971256130296301308e+02 1.012501209598694404e+05
-9.001722832131706582e+02 1.005137467773572666e+03 1.012480707914932864e+05
-9.004322577301462616e+02 9.982520654899037709e+02 1.012505075917037320e+05
-9.001217259038783141e+02 9.976266191222543966e+02 1.012492589011865493e+05
-8.994910587196445704e+02 1.004388035340793067e+03 1.012463075427602598e+05
-8.985356975854659822e+02 9.988328966456210765e+02 1.012491563202725229e+05
-9.013493739390787596e+02 1.004929765558996110e+03 1.012466387147851929e+05
-8.981303846535472530e+02 9.967645836971025801e+02 1.012470962801869027e+05
-8.995449059002013428e+02 1.003431884612157887e+03 1.012456063157320896e+05
-8.975422069724814946e+02 9.987200617010677206e+02 1.012502456635731505e+05
-8.987828105889171866e+02 9.993721500455615114e+02 1.012485334069207893e+05
-8.993202480258692049e+02 9.973383556934569469e+02 1.012493701533474377e+05
-8.996764602490359266e+02 1.007077682920167376e+03 1.012490637096569408e+05
-9.007628606960533943e+02 1.004174891176990968e+03 1.012483467069285107e+05
-9.000546784771885314e+02 1.004127575507821234e+03 1.012487545171604870e+05
-8.982756945090887939e+02 1.005875745561400436e+03 1.012484816870276409e+05
-8.986169746444975317e+02 1.003101541999356868e+03 1.012470844953736523e+05
-9.002523936218674407e+02 9.969666119184562376e+02 1.012474205946689763e+05
-9.015119958742368453e+02 9.964135156827152286e+02 1.012517179069838312e+05
-8.985332860283467653e+02 1.004798839999213897e+03 1.012513941840190382e+05
-8.967092080283433688e+02 1.002364501962863187e+03 1.012484558438254462e+05
-8.988910967908865359e+02 1.003837458069900663e+03 1.012482013677708455e+05
-8.989657840936931734e+02 1.001818714673965474e+03 1.012465770014149020e+05
-8.990660032639615338e+02 1.004946285133244032e+03 1.012481550433550146e+05
-8.978821733337330215e+02 1.004486299852187585e+03 1.012487210623705469e+05
-8.989850195684238088e+02 1.000579914259187717e+03 1.012491375434170477e+05
-8.989502256200597685e+02 1.001729843410755393e+03 1.012499109936948225e+05
-8.986929684378177399e+02 1.002758884402484910e+03 1.012475303524745395e+05
-8.986956671453920080e+02 1.000040631050032061e+03 1.012498164415508945e+05
-8.974721150917312116e+02 1.002809468366891792e+03 1.012462283597540518e+05
-8.978136800508837041e+02 9.972586561227178663e+02 1.012502278500154353e+05
-8.978924906882176629e+02 9.972203069514908975e+02 1.012474977716449066e+05
-8.993488271273167811e+02 1.002908552573661837e+03 1.012477873838833038e+05
-8.988106372136726350e+02 1.006583779618597077e+03 1.012506346514825564e+05
-8.974164783816404451e+02 9.982129001411688023e+02 1.012481528379516967e+05
-8.993334449376993689e+02 1.000263513507901962e+03 1.012487706404445344e+05
-8.993606375291074073e+02 9.995686236723436195e+02 1.012505747499716817e+05
-8.980070610433676848e+02 9.956868710793862647e+02 1.012494917794664216e+05
-9.014690274419025400e+02 1.004997960710737061e+03 1.012466943199748639e+05
-9.013266613764230897e+02 9.965089777672815217e+02 1.012501446750081086e+05
-8.984853349757156593e+02 9.977482216730594473e+02 1.012489217390349804e+05
-9.018721343125590693e+02 9.993793010974420667e+02 1.012464735068572045e+05
-8.983430570524999439e+02 1.001559176710941529e+03 1.012481107761042949e+05
-8.964971739045970480e+02 9.963032291517242811e+02 1.012465438537986192e+05
-9.003568103074840110e+02 1.005708901022751206e+03 1.012501737590804987e+05
-8.989338878967790833e+02 1.003985002760292900e+03 1.012469120957535488e+05
-8.992235537594776815e+02 9.974173074327924269e+02 1.012477617058102769e+05
-9.015455572446951464e+02 1.002970330290305242e+03 1.012484184444629063e+05
-9.005507927343845722e+02 1.004187005193537061e+03 1.012486293661664531e+05
-8.999818163778787721e+02 9.977866350953438541e+02 1.012494755988835823e+05
-9.016575657966101289e+02 1.004980189020157241e+03 1.012470292511748266e+05
-8.968892546766793430e+02 1.004897917204883242e+03 1.012471681635197310e+05
-8.973482054893097484e+02 1.002329926211681141e+03 1.012473628906142112e+05
-9.007580035691863714e+02 1.005475584480013367e+03 1.012502969943381613e+05
-8.971782939003619504e+02 1.006107357100624995e+03 1.012474742772953177e+05
-8.977787506828318556e+02 1.003559633826474510e+03 1.012479430600474152e+05
-8.958229275506466820e+02 1.004913410567962728e+03 1.012477655024691048e+05
-8.983149595445931936e+02 1.000374213469006008e+03 1.012496671296115383e+05
-8.984530799078120253e+02 9.972600196888088249e+02 1.012472616962826287e+05
-9.003721431561517647e+02 1.004415666937263723e+03 1.012464396189173276e+05
-8.958726566512061709e+02 9.991755533483124054e+02 1.012490869891731854e+05
-8.974008270937375755e+02 1.002136377028838297e+03 1.012462394530302554e+05
-8.979760441977924756e+02 1.004309443661077808e+03 1.012494530400826043e+05
-8.958048918320563416e+02 9.969870895908373996e+02 1.012474138793802704e+05
-8.964154209052717306e+02 1.005795378914421690e+03 1.012500339728358958e+05
-9.003610226259609135e+02 9.969554348606197891e+02 1.012490453344668931e+05
-8.995547207883337251e+02 1.002241360387321379e+03 1.012470898399171856e+05
-9.016902303535540568e+02 1.003504733139479072e+03 1.012496913921230880e+05
-9.023917123940105967e+02 1.005149800130059134e+03 1.012461284390744404e+05
-8.990824766885607460e+02 9.982901785953777107e+02 1.012494264711452415e+05
-9.000580545880787895e+02 1.003620488572172349e+03 1.012480814862599655e+05
-8.983332600548534401e+02 9.985759948279990112e+02 1.012485094681096089e+05
-8.970320558775165409e+02 1.004151865098122244e+03 1.012468505554404110e+05
-8.987450360520290360e+02 9.986309441923669965e+02 1.012487803931491799e+05
-8.984385899374216251e+02 1.003325174453867930e+03 1.012474688374586549e+05
-9.019422845461994029e+02 1.002934612086245465e+03 1.012483845318551175e+05
-9.002125415261713215e+02 9.976248492772160716e+02 1.012496319293364941e+05
-8.997968689712256491e+02 9.991436322221065893e+02 1.012490764622545394e+05
-8.989463675072986462e+02 1.005604702270661051e+03 1.012467827867372253e+05
-9.010456180553971990e+02 1.003161427245063578e+03 1.012510721525436384e+05
-8.977612830253430047e+02 1.003929599457206905e+03 1.012481295099939161e+05
-8.986625486568406131e+02 1.004737468085366572e+03 1.012486745737520978e+05
-8.972416852329250787e+02 1.004779201245335685e+03 1.012494365557571000e+05
-9.019949246237894158e+02 1.003781919103459131e+03 1.012482897909750900e+05
-9.004882043637770721e+02 1.000591323534226035e+03 1.012468472361328750e+05
-9.006113916269426909e+02 9.972407712483734485e+02 1.012465955007770681e+05
-8.975002319991403965e+02 1.005355349339195982e+03 1.012474290514966124e+05
-9.011249728187445953e+02 9.978707596700290878e+02 1.012482151681943214e+05
-8.986853574261002677e+02 1.006387505300965358e+03 1.012510763577538019e+05
-9.012114934971485809e+02 9.960659881919866621e+02 1.012511059543858573e+05
-8.980390469770113668e+02 9.991073238487931576e+02 1.012442425973739300e+05
-8.993213282666836221e+02 1.004445075777913644e+03 1.012463338511041657e+05
-9.005832663802485740e+02 9.978712439219112866e+02 1.012477177585472091e+05
-9.003960762896491588e+02 9.994068746972355939e+02 1.012479710943487153e+05
-8.974016658697662479e+02 1.003356723344774309e+03 1.012476932608342613e+05
-8.988271609596896496e+02 9.977669822395039319e+02 1.012493270768456277e+05
-8.979816062059694559e+02 1.003215391259753005e+03 1.012459802215883392e+05
-8.973146288946385312e+02 1.002451548596917974e+03 1.012486587799832050e+05
-8.978718763098544287e+02 1.005188607058550133e+03 1.012475094793064782e+05
-8.990858311387904678e+02 1.003166981036810625e+03 1.012479801413800160e+05
-8.970769612354768014e+02 1.000757526601736572e+03 1.012480857687940006e+05
-8.980392934303964694e+02 1.002149940565390693e+03 1.012486010732858849e+05
-9.006803049305962077e+02 1.004382034946339900e+03 1.012469459230268549e+05
-8.988811847375856132e+02 9.970068986709093224e+02 1.012502369671742053e+05
-8.985541283689771035e+02 1.003022643718495829e+03 1.012442257827976719e+05
-8.970165353894511782e+02 9.960110730735435709e+02 1.012486853285491525e+05
-8.982811154819050898e+02 9.972524042619311331e+02 1.012467442058452289e+05
-9.004326928294879053e+02 9.997905516233768140e+02 1.012490475610473368e+05
-8.997296864086856658e+02 1.003978362972543437e+03 1.012487233573977719e+05
-8.960671284154070690e+02 9.992311763946440806e+02 1.012494567559960997e+05
-8.991168221948614701e+02 9.957773490636845963e+02 1.012477145025037462e+05
-8.987867972901173061e+02 9.984642048780282266e+02 1.012509669723639381e+05
-8.989543351593383704e+02 9.987688675695741267e+02 1.012505064231430006e+05
-9.004706479420541427e+02 1.003129843593707164e+03 1.012478896835728956e+05
-8.990594055837804035e+02 1.000487029002543636e+03 1.012478079784818838e+05
-8.996995585331872007e+02 9.982310356823613802e+02 1.012516095554691710e+05
-8.993779699354370223e+02 9.997100233162357199e+02 1.012469486077495094e+05
-8.998628884947100914e+02 9.997405893912793999e+02 1.012479044915198901e+05
-8.968569698497808531e+02 1.000247775322775624e+03 1.012499962280096224e+05
-9.007597628102397493e+02 1.003835348950759908e+03 1.012478187669971958e+05
-8.993827986878173988e+02 1.005953276721279053e+03 1.012490381631175114e+05
-9.011804171321558670e+02 1.006350585099602085e+03 1.012470210937446100e+05
-8.989449755924338206e+02 9.986739653707013531e+02 1.012479989436530159e+05
-8.977872461795263916e+02 9.957327289193212891e+02 1.012483130998010602e+05
-8.965344037271686375e+02 1.005906551426422425e+03 1.012473751888156548e+05
-8.967913516307601185e+02 1.007147621091494329e+03 1.012498234368781705e+05
-8.990610717870173403e+02 1.001821120571065876e+03 1.012487604127098020e+05
-8.981492994018235549e+02 1.003704613783554123e+03 1.012486103513532144e+05
-9.004865713125573166e+02 9.962960882394916098e+02 1.012489506682986685e+05
-8.991161695245970122e+02 1.004142829413011668e+03 1.012469758609386045e+05
-8.999867844029886328e+02 9.971293723461618583e+02 1.012497403744570765e+05
-8.966809620191417025e+02 9.999859919170683042e+02 1.012497092783355038e+05
-8.967896959783417969e+02 1.005085742949861924e+03 1.012489731583105313e+05
-8.982496479616756915e+02 9.979738783394998336e+02 1.012496385190055007e+05
-8.969672464120168343e+02 1.003539022464240702e+03 1.012485425719451305e+05
-8.983010345837933528e+02 9.989499236326353184e+02 1.012495700941979303e+05
-8.990629664132696917e+02 9.983015932469695599e+02 1.012500332125345885e+05
-8.976760857945563430e+02 9.993120444588644204e+02 1.012473223388748011e+05
-9.002136363963682015e+02 9.975606592616559283e+02 1.012479567936750536e+05
-8.992571554672546199e+02 9.968960103887879995e+02 1.012492878556942160e+05
-9.010013237259206562e+02 1.003747731322617710e+03 1.012466368438281061e+05
-8.995967433548202052e+02 1.003967398926070928e+03 1.012476018929257407e+05
-9.005546154359227558e+02 9.997201225737552477e+02 1.012496498412853252e+05
-8.999062081825612722e+02 9.991192526891966281e+02 1.012486930448737403e+05
-9.002859896104470181e+02 9.984749686704608393e+02 1.012486779725796951e+05
-8.990079798903723258e+02 1.006982593068307096e+03 1.012482456356604816e+05
-8.971096169024442588e+02 1.006291308406778626e+03 1.012483632663671015e+05
-8.980178742459871728e+02 1.003242528781182500e+03 1.012481149176233157e+05
-9.008038037306454271e+02 9.996390114324300384e+02 1.012484813200664212e+05
-9.000084254339108156e+02 1.000051955569536403e+03 1.012512304540536570e+05
-8.996103596182301771e+02 1.001525239802809892e+03 1.012504991491247492e+05
-8.994442631642302786e+02 1.003756747010860863e+03 1.012482903233043326e+05
-8.967604169416283639e+02 9.970626906328423047e+02 1.012479279682036722e+05
-9.014760780570346697e+02 1.001838498828652064e+03 1.012467836898983951e+05
-8.990554350195207007e+02 9.983349278147401265e+02 1.012509510463152255e+05
-9.011566097289141908e+02 1.007300721447073329e+03 1.012467704435590713e+05
-8.981428408523537428e+02 1.003545749851551818e+03 1.012468315802084398e+05
-8.999930025117300829e+02 9.954552755079109829e+02 1.012498024376696849e+05
-8.969630982120331737e+02 9.998772897092446783e+02 1.012499354524095834e+05
-8.971261131643203726e+02 1.004621032846546200e+03 1.012469978854926740e+05
-8.979491803734628093e+02 9.978411046057910880e+02 1.012482139161569066e+05
-8.989892902880416159e+02 1.004287068909685559e+03 1.012480725158712303e+05
-8.954050494021378199e+02 1.002863030754998704e+03 1.012468655914773699e+05
-8.995924512657734340e+02 1.001690253030734539e+03 1.012461004033902718e+05
-8.971826183091200164e+02 9.971441462637167206e+02 1.012495192107799812e+05
-8.985290321583840978e+02 9.987807259246258127e+02 1.012506601829666761e+05
-9.002095144542031449e+02 1.002942837145160411e+03 1.012483916458528838e+05
-8.995431040929245228e+02 1.003111832845841150e+03 1.012483522184563481e+05
-8.991487407259729707e+02 1.000841393778402789e+03 1.012477246314362565e+05
-9.009835201990564428e+02 1.006790983346875691e+03 1.012478780214537401e+05
-8.996788524276405496e+02 1.001839339387152449e+03 1.012474461598270427e+05
-8.976615005033762600e+02 9.988118567046820999e+02 1.012480936344418733e+05
-8.990826541487947452e+02 1.002551647080836574e+03 1.012488401825122273e+05
-8.976622647283371634e+02 9.978483473631230254e+02 1.012485026477691717e+05
-9.007501924313950212e+02 1.001954295745698573e+03 1.012490935185695707e+05
-9.014484412044300825e+02 1.003866031283326606e+03 1.012469130292037153e+05
-8.987215100013968367e+02 1.005114947705399004e+03 1.012453281510758679e+05
-8.961082981429796064e+02 1.003683358856308814e+03 1.012469340853042668e+05
-9.009294574191820857e+02 1.005757882389685392e+03 1.012462955824137607e+05
-8.975813781088937731e+02 9.958776818944529623e+02 1.012498009958715411e+05
-8.998369238736215721e+02 9.980541509828605058e+02 1.012508044985875749e+05
-8.988260644430067714e+02 9.979605788403843007e+02 1.012489543186325463e+05
-8.995397993195898607e+02 9.958615617742398172e+02 1.012477474256515852e+05
-9.015313763144083623e+02 9.977065352914079313e+02 1.012515288264301780e+05
-9.015418192468023335e+02 9.982708623101366356e+02 1.012480417419411388e+05
-8.970947539108331057e+02 1.002043289730126958e+03 1.012490699586199771e+05
-8.978287217589064539e+02 1.003316898188643222e+03 1.012495085914792726e+05
-8.990565164685011723e+02 9.984177706905104515e+02 1.012508225293868018e+05
-9.000439972274488127e+02 1.005303361950496310e+03 1.012473641878403432e+05
-8.986852147681101997e+02 9.975086671567487429e+02 1.012491430551018420e+05
-8.992829462980587323e+02 9.962541220168332075e+02 1.012484197288452997e+05
-8.986570647375110639e+02 1.006405804574386366e+03 1.012474396948309441e+05
-8.985278647870419491e+02 1.005727657037785775e+03 1.012458016726673522e+05
-8.982303144938285868e+02 1.004673009010475653e+03 1.012493505470090022e+05
-9.022881713671304169e+02 9.991624733440291948e+02 1.012493379690513830e+05
-9.007665526705162620e+02 9.976518188357589452e+02 1.012499168329804379e+05
-9.010251176285576094e+02 1.002283711068752041e+03 1.012490959272504697e+05
-8.999707135499768356e+02 9.959345403305669606e+02 1.012500119017807592e+05
-8.964246481410748402e+02 1.005330538987737100e+03 1.012486115050233493e+05
-8.977363678317170752e+02 9.984283118043235845e+02 1.012487406260847929e+05
-9.003506153912871923e+02 9.987316046956218543e+02 1.012464440567997081e+05
-8.988125160102115387e+02 1.000419109120417488e+03 1.012504198787873611e+05
-9.016702915862033478e+02 9.985422985752115892e+02 1.012474803205409844e+05
-8.999519961206603966e+02 9.980115590707275715e+02 1.012493214183710952e+05
-9.007157469186585104e+02 1.004724449885422814e+03 1.012465655821050459e+05
-8.979890026746513740e+02 1.006256556671795920e+03 1.012471131361819716e+05
-8.987923005725000394e+02 9.992696597472452140e+02 1.012492766006323218e+05
-8.991922283440686670e+02 9.972732255520670606e+02 1.012485877685916057e+05
-8.998150989988059791e+02 1.000382526610158038e+03 1.012463736853610899e+05
-8.986853169397468264e+02 1.004978355477796413e+03 1.012479543541080493e+05
-8.978666209984382931e+02 1.005847945570622528e+03 1.012466921226524864e+05
-8.990317371980743246e+02 9.997099318161244810e+02 1.012497146498111397e+05
-8.998329118715153072e+02 1.003890281525607520e+03 1.012469906755726552e+05
-8.981164348046048644e+02 9.975025156972039895e+02 1.012491747475790617e+05
-8.985996779097680474e+02 9.948167494479790776e+02 1.012505902691005613e+05
-8.979359301332076484e+02 9.984194818864558556e+02 1.012494219058753224e+05
-8.983153591963217650e+02 1.005699400071615059e+03 1.012477922929179331e+05
-9.015605473007453838e+02 9.973731267754026248e+02 1.012521422440636379e+05
-8.990630182774698369e+02 1.001771442285791181e+03 1.012478865685475903e+05
-8.996808413738702939e+02 1.002424594287373566e+03 1.012492215030551888e+05
-8.997233585665574083e+02 1.002887117943570956e+03 1.012474401929816231e+05
-8.957853798402028360e+02 9.957769122802277479e+02 1.012473227328541107e+05
-9.002802469843154540e+02 1.003417012671801785e+03 1.012470536870918877e+05
-9.015831352073910239e+02 1.007229950420296063e+03 1.012472907892488001e+05
-9.005609406740908298e+02 1.000492427596611606e+03 1.012482166425008472e+05
-8.989917030856881865e+02 1.002925117160143486e+03 1.012483443982950412e+05
-8.979390791808467611e+02 1.004340705515320224e+03 1.012491352431166451e+05
-8.981356582899454679e+02 9.956024819804858907e+02 1.012499132246262161e+05
-8.962188492068954702e+02 9.953005119639963141e+02 1.012510259304194187e+05
-8.984905072323379045e+02 1.005525567061180254e+03 1.012481436559052090e+05
-8.994814023481244476e+02 9.971698021664791440e+02 1.012499024683876196e+05
-8.999943109946426603e+02 9.980891594829566884e+02 1.012483958126918587e+05
-8.976724901910222343e+02 1.005002280987044060e+03 1.012457509019920253e+05
-8.979371771641485793e+02 1.006381679647531769e+03 1.012476006201412965e+05
-8.992630900786729171e+02 1.004103234987945712e+03 1.012496718832303886e+05
-9.007340243728559699e+02 1.006936266558061448e+03 1.012478557848879718e+05
-8.990032459473823110e+02 9.977294027449602254e+02 1.012507427488319518e+05
-8.995609010346732930e+02 1.005137731347013073e+03 1.012493939783524256e+05
-9.023394391860039150e+02 1.000450922513914293e+03 1.012485589373746188e+05
-8.977579637020278369e+02 9.984845222342553370e+02 1.012502481792912004e+05
-8.996607248751028010e+02 1.003058840431141448e+03 1.012501720256172703e+05
-8.957788759975325092e+02 1.006308579251602964e+03 1.012475014947645250e+05
-8.993408547173935403e+02 9.988331813807232038e+02 1.012490681213734788e+05
-8.984163718699808214e+02 9.999166086039996344e+02 1.012500741377019440e+05
-8.985606030586985753e+02 1.002247647353633738e+03 1.012493537469056610e+05
-8.974467954038688049e+02 9.990738920136761863e+02 1.012476313283267664e+05
-9.001460890190863893e+02 9.988432450227480786e+02 1.012512068186026590e+05
-9.007334336045936425e+02 1.005481223609309154e+03 1.012472238030815788e+05
-9.004229134837131596e+02 1.006168766404131134e+03 1.012492742785846058e+05
-9.000932492310275848e+02 9.987878702036626919e+02 1.012470569453619974e+05
-8.972952325742787707e+02 1.005923215215503660e+03 1.012468352211326273e+05
-8.993456640114270613e+02 9.996272412540440655e+02 1.012494136813761870e+05
-8.991351412032456665e+02 9.980662849769428249e+02 1.012469421200781217e+05
-8.990439732812777720e+02 9.994129423628961604e+02 1.012465808844690619e+05
-8.987794756386026620e+02 9.969635477042602361e+02 1.012486435247900372e+05
-8.979661338449699315e+02 9.984580112789745954e+02 1.012507748926652712e+05
-9.000509450578639417e+02 1.002997591603675573e+03 1.012471869930242829e+05
-8.984078321685459514e+02 1.004519852684189686e+03 1.012502366777818825e+05
-8.981104641697403395e+02 1.002735907278227955e+03 1.012498719854559604e+05
-8.987375840169582943e+02 9.990586434020410707e+02 1.012513006782979792e+05
-8.974064339658821154e+02 1.000465010327932305e+03 1.012498273354233679e+05
-8.952919889089232584e+02 9.998629334382287652e+02 1.012497550050822611e+05
-8.971296298414806643e+02 9.979879097780528809e+02 1.012492146245131153e+05
-8.993163679081721966e+02 9.966316413561625041e+02 1.012489750733374676e+05
-8.981867486936039313e+02 9.989021147772452878e+02 1.012503857332074986e+05
-8.989335000437023382e+02 9.974897784425515965e+02 1.012490191575470963e+05
-8.990750933422514208e+02 1.005948307595947085e+03 1.012477039438194188e+05
-8.980090799790337996e+02 1.005168673552370819e+03 1.012477428193880623e+05
-8.988038520984542856e+02 1.001456193864671150e+03 1.012505938074598671e+05
-8.956666357342662650e+02 1.000873497714901305e+03 1.012486346300910081e+05
-8.993915990828779741e+02 9.984231170625103005e+02 1.012466216770152387e+05
-8.989049753882000005e+02 9.963647559156902389e+02 1.012483932089911686e+05
-8.956386446755061570e+02 1.003246736913664108e+03 1.012494701586088922e+05
-8.969800251361784831e+02 9.987078103721975140e+02 1.012485933662938914e+05
-8.990739531842388033e+02 9.983500447570598908e+02 1.012474821451139287e+05
-8.994811753782350934e+02 1.005847190566340714e+03 1.012479468370100949e+05
-9.013753815079162450e+02 1.002535050431491868e+03 1.012500074096289318e+05
-8.995921778065808212e+02 9.984607811633736674e+02 1.012481339531367412e+05
-8.959269906294144903e+02 1.004137976341599710e+03 1.012495855265890132e+05
-9.008590770322372236e+02 9.996198421663284535e+02 1.012485153231585282e+05
-8.977663288179149959e+02 9.992424712570198153e+02 1.012451060240498045e+05
-8.977449020122617185e+02 1.003405806422063961e+03 1.012463814220424974e+05
-8.990492605422456336e+02 1.004872514930780994e+03 1.012514442309474689e+05
-9.002758867904151430e+02 9.994107739714286254e+02 1.012476974882656941e+05
-9.003502725798877009e+02 9.975758703080033456e+02 1.012466378233335417e+05
-8.988177824219420700e+02 1.001026951215140798e+03 1.012490193336064403e+05
-8.980536321094840559e+02 9.980249565859231780e+02 1.012472645369749807e+05
-8.984756354652529353e+02 9.966127714821664085e+02 1.012502679636254761e+05
-8.973798104690254149e+02 9.971068204203201049e+02 1.012510221493714780e+05
-9.019766669561324761e+02 1.003313702847247214e+03 1.012483189959513838e+05
-8.984590916247200312e+02 1.002654686141572029e+03 1.012485026247827336e+05
-8.982628714947891240e+02 1.004129442776867677e+03 1.012466340346290672e+05
-8.985825946770519295e+02 9.996343369015063445e+02 1.012477561938081781e+05
-8.984755557852361108e+02 9.984130678987505689e+02 1.012470282012462267e+05
-8.973241101021138775e+02 1.001376081175225977e+03 1.012470654299268353e+05
-8.994771840473165412e+02 1.002730957879847779e+03 1.012459252406156738e+05
-8.993045056964922424e+02 1.006602956148986095e+03 1.012502593056762853e+05
-8.999798854597818263e+02 1.003707879605955213e+03 1.012478559466550505e+05
-9.014790466847885000e+02 9.997397774466849114e+02 1.012470985805370146e+05
-8.985949981295343605e+02 9.994507678793290779e+02 1.012489200887617044e+05
-8.997270262034037387e+02 1.001001625399197565e+03 1.012483542178167845e+05
-8.995064210077389362e+02 9.997111543349093381e+02 1.012484703975078301e+05
-8.967206940544440386e+02 9.975082095840949705e+02 1.012472174930228794e+05
-8.984251604029933560e+02 1.000144898192808341e+03 1.012509891359838075e+05
-9.035942556304034952e+02 9.997945023283995170e+02 1.012516300799771998e+05
-8.984207458762864462e+02 1.007128513373032774e+03 1.012460336289297265e+05
-8.995864505964453883e+02 1.002464493039773856e+03 1.012483302763203101e+05
-8.993097101618255920e+02 1.003711513056398189e+03 1.012476536672161019e+05
-9.013242052833579692e+02 9.965642587842296507e+02 1.012511960212667764e+05
-9.025046213351396318e+02 1.004779528266887382e+03 1.012488353284432960e+05
-8.977725990310226507e+02 9.980648983527507880e+02 1.012493450681600370e+05
-8.982948419351478151e+02 9.982594278605140516e+02 1.012486173520413286e+05
-8.997207439719688864e+02 9.978679072116468660e+02 1.012461728394356905e+05
-8.971086244159437229e+02 9.984005790511083660e+02 1.012480057303759095e+05
-8.980433020282929419e+02 1.005600441625737631e+03 1.012469420199908200e+05
-8.984709589137985404e+02 9.988429992661700680e+02 1.012479795467086660e+05
-8.985455775110884815e+02 9.969883621624574062e+02 1.012498833291745104e+05
-8.973371011446879493e+02 1.005436880870943469e+03 1.012493563786384620e+05
-8.987382625850625573e+02 1.003026193531567969e+03 1.012507893529216235e+05
-8.976123534995908813e+02 1.004911593447932773e+03 1.012488023461284465e+05
-8.974106608948703752e+02 9.997947926324275159e+02 1.012504673660531116e+05
-8.990906230611373076e+02 1.004596391873175435e+03 1.012453829232378775e+05
-8.991802451586955840e+02 1.002821784413707746e+03 1.012462888240777102e+05
-8.988896263813319365e+02 1.001223249029501631e+03 1.012494514375349099e+05
-8.976100277426229468e+02 1.003902395208095413e+03 1.012470382288490946e+05
-8.979711928445776721e+02 9.975355549007510945e+02 1.012483322932203591e+05
-8.983330816536729344e+02 9.979836182935406441e+02 1.012498219437459775e+05
-8.995713127462729517e+02 1.001616796005386618e+03 1.012479673876947345e+05
-9.000252990023093389e+02 1.006826669937558108e+03 1.012467763887506735e+05
-8.998227098925544851e+02 9.998772573119426852e+02 1.012501316527066228e+05
-8.954490127591575401e+02 1.005720506557933959e+03 1.012466860341832653e+05
-8.984960597554314745e+02 1.004872640627751707e+03 1.012473502181973890e+05
-8.993966872874773344e+02 9.986029707570262417e+02 1.012510467648302001e+05
-8.988703330895925774e+02 1.000035448570005997e+03 1.012488589802747738e+05
-9.021287074589738495e+02 1.004943175423615571e+03 1.012490706295739801e+05
-9.000011727562516626e+02 9.985227306134862602e+02 1.012476366403701104e+05
-8.966114250002202652e+02 9.963481907631396552e+02 1.012447145780637511e+05
-8.981888928275802755e+02 9.960859241735910246e+02 1.012489227155859990e+05
-8.997850063239395695e+02 1.002725967173620802e+03 1.012518010681088199e+05
-9.013742219877459547e+02 1.003626832771794625e+03 1.012484537994838902e+05
-8.989745168000329159e+02 1.000429592377993458e+03 1.012463243419759528e+05
-8.965173153722702182e+02 1.004219587796775272e+03 1.012480531899573398e+05
-8.970135586659106366e+02 1.000029474487354037e+03 1.012489460699489864e+05
-9.005339775499019197e+02 1.006826152401849413e+03 1.012468668375287234e+05
-8.982503253012224604e+02 9.985970125350123681e+02 1.012476855804858060e+05
-8.988108001764722985e+02 1.003824794701730752e+03 1.012490925756480428e+05
-8.992508488069881878e+02 9.968971152318968052e+02 1.012484589533986873e+05
-8.971393332115337671e+02 9.984343981493964293e+02 1.012506357755208592e+05
-8.986758645615651631e+02 9.990961969260347360e+02 1.012473706585708569e+05
-8.981903475759525008e+02 9.972136473160182959e+02 1.012468655146183155e+05
-8.986493525245257388e+02 9.993853306281790765e+02 1.012505903257457539e+05
-8.990606931426237907e+02 9.978347826676208570e+02 1.012510508456002717e+05
-8.973747353778908291e+02 9.975892525070128158e+02 1.012482451847520279e+05
-8.985232184303921485e+02 1.006544905937184808e+03 1.012477475301257800e+05
-8.961393168817329524e+02 1.006524559514600014e+03 1.012508566059620644e+05
-8.986826407587718677e+02 1.002778679354533779e+03 1.012478831045342667e+05
-8.977887928218927982e+02 9.964253516709403584e+02 1.012518385302255629e+05
-8.976782280543721981e+02 9.982282135635283566e+02 1.012487881993372575e+05
-8.992562450610897713e+02 1.005224906382967447e+03 1.012494385775287810e+05
-9.012233664131572368e+02 1.005085384642127565e+03 1.012471915855667030e+05
-8.998266351682527784e+02 1.004341895140025940e+03 1.012497865435671702e+05
-8.976646629340403933e+02 1.003011948799866332e+03 1.012509203649510746e+05
-8.987035098480882880e+02 1.002490926846848538e+03 1.012476922377766168e+05
-8.977958936668046590e+02 9.971561400619742699e+02 1.012508621070626250e+05
-9.013361110209611979e+02 1.008195424209100565e+03 1.012474492190806486e+05
-8.978232829974434708e+02 1.003840115660290849e+03 1.012477050675291102e+05
-9.008849729724365716e+02 9.975673366575838372e+02 1.012471935511664487e+05
-8.984111146243387793e+02 9.998587908272489813e+02 1.012487190302393574e+05
-8.993690560556166247e+02 9.988495931607906186e+02 1.012505000191490981e+05
-8.998060994384435389e+02 1.002526757441831023e+03 1.012494963076191198e+05
-8.981559476748601583e+02 1.004828269012938108e+03 1.012469090516355645e+05
-8.989734083799104383e+02 9.996010158682938709e+02 1.012497623668392189e+05
-9.002308605324103610e+02 1.007823757873238264e+03 1.012461365258609003e+05
-9.006670305871150504e+02 9.971874787037713759e+02 1.012499340755153535e+05
-8.984983980433670467e+02 9.958092639868352762e+02 1.012514217584708967e+05
-8.978901194881117362e+02 1.003495088372318833e+03 1.012469307320043736e+05
-8.985302119587482821e+02 9.985743343726393277e+02 1.012489423893874919e+05
-8.984433761746646496e+02 1.003537579621095119e+03 1.012462843192452565e+05
-9.005920167570577632e+02 1.002676503238256146e+03 1.012497312254947319e+05
-8.975436916794944864e+02 9.991917388229254584e+02 1.012477506069791561e+05
-9.006885468117643541e+02 9.976391184389597129e+02 1.012489579898353550e+05
-8.977571854568511753e+02 1.002803464306364049e+03 1.012457381108762638e+05
-9.008948165479650925e+02 9.977224814858217314e+02 1.012492970875194587e+05
-8.998956411203962489e+02 9.987336637662585872e+02 1.012497677002350683e+05
-8.986231885900647285e+02 9.982664271653494552e+02 1.012474821610516083e+05
-8.978737351489858156e+02 1.004838226553656796e+03 1.012454024598454125e+05
-8.975286965581819913e+02 1.003229558146713316e+03 1.012492021317176550e+05
-9.002067338032175030e+02 1.005945744889516504e+03 1.012484074998103606e+05
-9.005313037692851594e+02 1.000885879220701213e+03 1.012480755141369300e+05
-8.994130953942045608e+02 1.004850509201309137e+03 1.012502622504556493e+05
-8.995897387775428342e+02 9.974061364471639308e+02 1.012483356509726145e+05
-8.998226994026694001e+02 9.976882195717007562e+02 1.012504497193760762e+05
-9.011249559716961812e+02 1.000370570981562423e+03 1.012484667064466194e+05
-8.996804599885701919e+02 1.003556738651409887e+03 1.012509495656021609e+05
-8.988822025374779514e+02 1.004240530150512541e+03 1.012476249367328419e+05
-8.992377021145606477e+02 9.995705843773237120e+02 1.012488196496986202e+05
-9.010789123547732515e+02 9.992846083167178222e+02 1.012487902088575647e+05
-8.995000445623487622e+02 1.001855152374346403e+03 1.012479545662895107e+05
-9.029041680331883981e+02 9.964103192678022651e+02 1.012496693706095975e+05
-8.992405801468540858e+02 1.003761388406275955e+03 1.012496521452256275e+05
-9.009264512111808472e+02 9.986841038417400114e+02 1.012478023739992786e+05
-9.001307762852620726e+02 1.004723674226013259e+03 1.012479080419369711e+05
-8.964097267504700994e+02 1.003969878806025918e+03 1.012466856486943725e+05
-8.988381470501032027e+02 1.004108626896157830e+03 1.012481961973655125e+05
-8.967696652919735243e+02 9.993930853262711480e+02 1.012484889435341029e+05
-8.994127534058980018e+02 9.974559527955987051e+02 1.012500488694618107e+05
-9.006745919503002824e+02 9.971827023088418400e+02 1.012494103342038288e+05
-8.970512138663718815e+02 9.959900799293136515e+02 1.012491483489525563e+05
-8.987686415940491997e+02 9.983405327019793276e+02 1.012490654491215537e+05
-9.000265180250472667e+02 9.991725310521034089e+02 1.012514901296743483e+05
-9.016131538249510413e+02 1.004569926540828988e+03 1.012474525961171312e+05
-9.004305502681806956e+02 1.004953449257175407e+03 1.012474463549306529e+05
-9.019281496302232881e+02 1.004586955222639062e+03 1.012488411040571809e+05
-8.997839544529015257e+02 1.003409316269772603e+03 1.012479764165770321e+05
-8.983020572318702079e+02 1.008442819998480786e+03 1.012479432655540586e+05
-8.978646876657999201e+02 1.001811389890776582e+03 1.012487275604480674e+05
-8.976071968758323010e+02 9.982499467584275408e+02 1.012490618885687873e+05
-8.975725606963781047e+02 1.004220758505414778e+03 1.012476593614985468e+05
-9.022841010074157566e+02 9.957148260811403588e+02 1.012518680282192363e+05
-8.998211387834707011e+02 1.004852560509323666e+03 1.012500020054218912e+05
-8.982838503548570088e+02 9.986993232962770435e+02 1.012485346760820539e+05
-9.006780892408866066e+02 1.004151241415616141e+03 1.012480841865981929e+05
-9.025781102792934689e+02 1.005599865778194840e+03 1.012446958614334435e+05
-8.991700062956020929e+02 9.985917785726724105e+02 1.012501936782866251e+05
-8.982921946492748475e+02 9.995717320014103962e+02 1.012483550486601889e+05
-8.995720565564325852e+02 1.005710926138806826e+03 1.012485003672801831e+05
-9.006361829269530972e+02 9.971902353009018043e+02 1.012508037117375789e+05
-9.010908551220495610e+02 1.003835823165574084e+03 1.012467948319282150e+05
-9.014400475266284047e+02 1.004250135219658091e+03 1.012516263855482684e+05
-8.969838071089342293e+02 1.004168214316532953e+03 1.012501066633811424e+05
-8.976141310972842575e+02 1.001330691447618165e+03 1.012488957164318417e+05
-8.993569737809158369e+02 9.982718968126255277e+02 1.012507499597005226e+05
-8.997028595625822618e+02 9.962646115940783602e+02 1.012502876851477195e+05
-8.997489808463282088e+02 9.993322230370638408e+02 1.012499342178117076e+05
-8.984297198524610621e+02 1.002664195064352612e+03 1.012458183811323834e+05
-8.969628610488815639e+02 1.002205758408274733e+03 1.012514618365608621e+05
-9.004818123751560961e+02 1.002437499568300154e+03 1.012497280668009334e+05
-8.999087113928991357e+02 9.986219032805753386e+02 1.012512823307202780e+05
-8.991954160287596096e+02 1.000361846681194265e+03 1.012499740487945382e+05
-8.982711449725718467e+02 9.974679071401872079e+02 1.012488273385197390e+05
-9.015599717786747078e+02 9.958085130622582710e+02 1.012492412118420179e+05
-8.984177912948408675e+02 9.976800899983747968e+02 1.012487558765061549e+05
-9.001688972352487781e+02 9.995525982425840539e+02 1.012485452533012722e+05
-9.005257355563367128e+02 9.986709636204592471e+02 1.012459470338747196e+05
-8.989514645269686071e+02 9.992818378979493446e+02 1.012490471475249069e+05
-9.002355304296105487e+02 9.966712937082520511e+02 1.012497027748693654e+05
-8.981160497953302411e+02 1.005647121305775386e+03 1.012478574045617715e+05
-8.985800824871993200e+02 9.994679831212968111e+02 1.012472609573650407e+05
-8.989557101364288201e+02 1.000575381110785997e+03 1.012491555330315023e+05
-9.012163289538456183e+02 1.003278627677265376e+03 1.012486065848654689e+05
-8.984214813388180119e+02 1.006141093173738909e+03 1.012481525516809488e+05
-8.967537377975936579e+02 1.005133485423759794e+03 1.012479867115804518e+05
-8.968916891173544172e+02 9.990567369400766893e+02 1.012506744438582682e+05
-9.002321696827625601e+02 1.002626319440965972e+03 1.012478586865041289e+05
-8.984584151401771805e+02 1.003485219366421688e+03 1.012452283887539670e+05
-8.970341510764229724e+02 1.003261935537851286e+03 1.012478308157109423e+05
-8.984165872033927371e+02 1.004639552672417722e+03 1.012485497019946342e+05
-8.988130404067364907e+02 9.967375700655543369e+02 1.012500738918430288e+05
-8.994257349778805519e+02 1.005507471921142951e+03 1.012494761454730906e+05
-8.966752549365617142e+02 9.972364823047863638e+02 1.012495517528197379e+05
-8.987238391929852241e+02 9.978868989926565973e+02 1.012507326574509498e+05
-8.995664027293871641e+02 9.984303026820264222e+02 1.012484307868637115e+05
-8.990246057558384791e+02 9.971543550435254701e+02 1.012485712298499420e+05
-8.989710391336795965e+02 9.998812163003015030e+02 1.012498285497692123e+05
-8.995790935825100405e+02 1.003623081265870383e+03 1.012486601643316681e+05
-8.975995987110648002e+02 1.004435114189526189e+03 1.012462171142431907e+05
-8.983488439799498337e+02 9.971796954871482512e+02 1.012491588740460575e+05
-8.982065175834569573e+02 9.972501824950734317e+02 1.012516197032475466e+05
-8.981727945046744708e+02 1.003969774676675684e+03 1.012475251198982878e+05
-8.979436792824410531e+02 1.001567402343541630e+03 1.012485106733781286e+05
