# energy_of_formation, melting_point, unit_cell_volume
2.545118971036705702e+00 -1.733662781116046547e+00 2.955960667942810982e+00
2.328948031286084852e+00 -7.106868846848939381e-01 3.588700392515369764e+00
7.723455275290137534e-01 6.009124371352433158e+00 2.201854973005160865e+00
2.263155964984999269e+00 6.015440127434749762e+00 4.255135594794143827e+00
2.350780249604655481e+00 -2.622439656558845478e+00 1.774339956241708371e+00
3.253661834080053161e+00 3.726819192734613040e+00 1.389513381700080430e+00
3.370419675340205590e+00 -3.851925297259127579e+00 2.234144239634069162e+00
2.462130051907501116e+00 -9.057669825315133316e-01 2.157030568490738709e+00
1.117120328939503748e+00 -7.788135757540080029e-01 1.810984590971277619e+00
1.763956486288436043e-01 -4.715256812568233147e-01 4.311599982986159318e+00
-3.698313118062506732e-01 6.272492878159884100e+00 7.668089387663640233e-01
-2.170321356033622084e-03 3.522003358996723676e+00 -7.093368038020952948e-01
6.659145643005374149e-01 5.624055695569563085e+00 -4.918912077155042084e-01
1.448495885320230769e+00 5.536165895523083691e+00 2.063206490881918764e+00
-3.473581492783827662e-01 5.996678424220242221e+00 2.799268940948820727e+00
-1.598595817811323094e+00 -1.716758010680990543e+00 2.372725591159045244e+00
-2.358834649790145566e+00 5.241634503989171634e+00 -3.478189619772439345e-01
-8.994756603486200319e-01 -9.169183820215840441e-01 4.720429044834381749e+00
-3.365788265034853621e-01 -3.762302095082853182e+00 5.162091716760570215e+00
9.022839733251359906e-01 4.662337729318537960e+00 5.547719980023196884e-01
1.850800449768930545e+00 -7.129878379737113470e-01 3.991790601488609980e+00
-1.882293961499658663e-01 -3.206346363742587524e+00 1.722719301873670839e+00
4.918519921091437652e+00 -1.828116784215404245e+00 1.419609067190070517e+00
-5.750941841302019686e-01 5.326179104870830017e+00 8.501530251721158837e-01
-1.065648859525786252e-02 5.006365178863967813e+00 4.659086017961447723e+00
2.390839209530271958e+00 1.942715766640548125e-01 1.201299441227599907e+00
-1.052856588389571524e+00 -2.732679619269185789e+00 1.756439640602915464e+00
1.401430742045906896e+00 -1.048226413092482323e+00 3.378779432091508994e+00
1.996232344914148804e+00 3.259297346656765626e+00 1.619671870227077370e+00
2.290019220927491439e+00 4.131126124717550141e+00 2.741390930764363798e+00
3.487248639062559441e+00 4.546126228305642059e+00 4.400374638976272124e+00
-6.180469313009168131e-02 6.608352908817086480e+00 2.484783054771297017e+00
1.269223227638173856e+00 -3.054323001572182950e+00 1.936027058836746528e+00
1.716882744570277675e+00 4.129631418896840600e+00 -9.907591802393640457e-01
3.427978423585894552e-01 4.460858371598316552e+00 2.397347509118978426e+00
2.177117283692990402e+00 4.421177590190882079e+00 1.462424047451345910e+00
1.717025242967929577e+00 5.268759025042781374e+00 -3.006675915173012692e-01
2.841444153874411738e-02 4.549680186127270431e+00 2.199749555314673088e+00
1.381126610957637002e+00 3.603519008369246102e+00 -7.009164825651170716e-02
1.208691217091869552e+00 4.871031106851650527e+00 7.235888999877083672e-01
1.552621371881876877e+00 -1.237810518472315602e+00 3.962540271420281091e+00
1.364344738891113629e+00 4.717188338424474381e+00 4.207841601616609140e+00
5.121210998469666320e-02 -7.675199647221508936e-02 3.679984125420339147e+00
2.066240490137424501e+00 -3.791396422324353921e+00 2.501795173718457388e+00
9.967294582119456958e-02 -2.961291646870329863e+00 3.166677545313428155e+00
-1.649139185692233833e-01 -1.550572838903398587e+00 2.180287099312830712e+00
9.946180540047211416e-01 6.657676749252245507e+00 3.090911058007451473e+00
3.081375587693202522e+00 -1.443665675056201581e+00 5.145270659383053058e+00
4.574360776038710608e-01 -1.510717000481217598e-01 2.832317959839840249e+00
7.609008109720143409e-01 3.730749154022814817e+00 2.594524120789392541e+00
2.298933282687524393e+00 -3.614161917328235329e+00 4.221391775561263771e+00
2.370527745765786953e+00 5.177124214545276715e+00 -1.086637085376339629e+00
2.521927479669902272e+00 1.232801907861447388e+00 2.153350323379542575e-01
2.341538440685383193e+00 4.779614650235343376e+00 3.234759464596341783e+00
-1.986467189891414908e-01 -3.989458856436582046e+00 3.331382085344284150e+00
1.769837936048142435e+00 4.937730260011628403e+00 1.559643317715697641e-02
2.154975818793253950e+00 4.217583049750298407e+00 1.468441943171853170e+00
4.641558435065877841e-01 -4.524863226596965049e+00 1.198881621571957545e+00
1.931008659849835718e+00 -1.114933207803239013e+00 2.012451607304486245e+00
-1.844832834196963867e-01 -2.200054532880154401e+00 3.016006265021895505e-01
1.333424800294963131e+00 2.194842953046541201e+00 1.170181052628568086e+00
1.561932830558045771e+00 -1.199308403527000300e+00 2.401587576632050691e+00
-1.687178716136547241e+00 1.169405067466951165e+00 2.382574969294724454e+00
-5.676794201650504634e-01 -2.411273897039729164e+00 -3.505150189592416421e-01
1.429977925156167062e+00 3.352304186926944762e+00 1.511155772452170254e+00
1.587462832908160593e+00 3.148913215780415165e+00 2.864141308370603323e+00
1.184839967973804864e+00 -2.061372144562400588e-01 2.236761717559714757e+00
3.090984916108566516e+00 -2.169957111600649302e+00 1.961121426622745911e+00
1.635357630443300403e+00 4.553797570507183146e+00 3.007814676771037199e+00
-3.242059311743150651e-02 3.764457585137578111e+00 8.355480983661964789e-01
-7.777606706821480476e-01 -1.579849122626279190e+00 3.279688207661551225e+00
-4.468909238903329695e-01 -4.471002026933033946e+00 5.295113052356649419e+00
3.750656948565949556e+00 3.982537343148263798e+00 1.306742564441603083e+00
3.876865813220399248e-01 -2.654272547514999747e-01 2.870235358514157120e+00
1.979197719092169461e-01 3.173230628177488910e+00 2.261802260287898658e+00
-1.272746842195775496e+00 2.403956755805452872e+00 1.796672494235053374e+00
3.047692414260924743e+00 -8.993069962581170529e-01 3.571201500276602658e+00
5.274733232548092232e-01 -3.145918762259398704e+00 2.746543934157851918e+00
-3.554001264074079791e-01 5.708385142777078869e+00 1.266806631779967995e+00
1.637819439456221993e+00 4.571976626048159353e+00 8.561339221182326931e-01
2.384027420465204994e+00 -1.806967680936574672e+00 3.911063781957977437e-01
9.636970742009592916e-01 -5.623221952129666690e-01 3.800219655010027342e+00
2.593090724857650686e-01 3.584303606436468392e+00 2.985804968948146509e+00
7.029029028615806363e-01 3.999442066298389609e+00 1.890443352468906824e+00
1.822352628877170311e+00 -7.220092323716705840e-01 3.524925444754572812e+00
1.216544229594242132e+00 7.936432322643609538e-01 2.827450960874443808e+00
4.877658753162338323e-01 5.009437044718112908e+00 2.522438128764110665e+00
2.319160487881390065e+00 6.366233427037874648e+00 5.695003954112487499e-02
5.295837594439025686e-01 3.840267873877706517e+00 -4.587381880620875485e-01
2.808761165773534518e-01 5.026009538108583641e+00 -2.559280002340597049e-01
8.653830791258723121e-01 3.315957877240884866e+00 1.283916572522894484e+00
-2.456659981475297627e+00 4.681013949980695088e+00 -9.693424202667626499e-01
1.123114296665435718e+00 3.631539283427327902e+00 1.081260629837295317e+00
3.426352113926892429e+00 -3.998973322771175454e+00 3.365952751321135583e+00
4.380902014527906729e+00 2.122238815550242741e+00 2.123905297385046520e+00
-4.007370761820731042e-01 4.682532268063698488e+00 3.285750217325010603e+00
-4.681198047233459114e-02 -2.506831066113739404e+00 3.035653299094386970e+00
3.980354379830826073e-01 1.901033253989584448e+00 7.244961086653171067e-01
-1.398137517456127465e+00 5.219356396109197327e+00 2.719786347568341478e-01
2.124630070820145988e+00 -1.945275425876765496e+00 5.065233897507058991e+00
-2.040159772766870994e+00 -3.696535609196898609e+00 2.239356847979484755e+00
9.592869991537567032e-01 -6.367051338170466313e-01 2.933160539401232558e+00
8.029597509845098902e-02 3.946904732844379371e+00 -8.082384204091985769e-02
2.362902535032039564e-01 3.489495113423313200e+00 2.679342590825015691e+00
5.161214145059882519e-01 3.694332631780796294e+00 7.592000347793231851e-01
3.365426210172720367e+00 3.915928379933232950e+00 2.517764390371895367e+00
2.858439427559823276e+00 -2.228065527660765266e+00 1.627652183946127540e+00
2.547294008553134814e-01 7.759662373974302696e+00 4.652437873505566035e-01
-7.995508817434815452e-01 3.150289704532787116e-01 2.964746807971948783e+00
-1.231482432648885350e+00 6.775989725759729687e+00 2.301609154663878609e+00
2.697267924560494023e+00 -8.426744594813224687e-01 2.381513713380225106e+00
7.063828248279686584e-01 2.697658395182576108e+00 3.636945111829582800e+00
1.235026703285794003e+00 4.335380359461485256e+00 2.204449206978944975e+00
3.715046580867256143e-01 6.137454933022031156e+00 2.367679988548168080e+00
2.995506798126240433e+00 -2.123772161108168355e+00 4.091750582596088925e+00
-1.172969096455485083e-01 4.598623428541567471e+00 2.587404061102704489e+00
3.397936470796428243e-01 5.597681344441066464e+00 -1.928161118029521726e+00
1.901599910136413163e+00 4.316729175824754350e+00 2.845773834114866840e+00
-1.673405514135557270e+00 -7.864378819346100613e-01 3.648405250303691449e+00
-1.345855614447587056e+00 2.262648347312091524e+00 5.572764343628223038e+00
2.495636898084929278e+00 -4.892774981210545882e-02 4.068261765824920495e+00
-1.715073828688086444e+00 6.293479790996929779e+00 6.083578851234816565e-01
-6.632351851897801964e-01 -2.000308698300693244e+00 3.853062675469696163e+00
7.189505817131228715e-01 5.461473154268890795e+00 3.290523752378474498e+00
1.505494988288062608e+00 4.074625692130276811e+00 1.072374381882421623e-01
6.986895720324827197e-01 3.092314596023856499e+00 -1.145345279122043092e-01
-3.410154356686146415e-01 5.352858052830115732e+00 4.634340902640137205e-01
-5.544595165589296659e-01 -8.113018746866079711e-01 2.383955021762912629e+00
-2.633877294420265414e-01 4.156108540810241614e+00 1.060050091889716439e+00
2.097052579853442733e+00 2.520369894642785713e+00 3.215146987536777079e+00
1.071163069846992721e+00 4.538547134396453409e+00 2.403539075733291064e+00
8.739076705595482109e-01 6.873801409922439376e+00 9.381352883602176451e-01
-6.245752016637242665e-01 -2.430401793596199234e+00 4.299994858048994395e+00
-1.444576692790432215e+00 3.984676907127437051e+00 7.120676796423640598e-01
8.608395244743687336e-01 -2.780688114444337611e+00 1.504741878023448720e+00
-9.432636812598641507e-01 3.425640521031731112e+00 1.662799352866526359e+00
1.312743880895426707e-01 -3.648115346211626697e-01 2.056663715857450780e-01
2.626696585877055679e+00 6.250820285937721543e+00 6.099603600278246773e+00
7.020040592629462894e-01 1.205968633568703208e+00 2.804406555450488003e+00
1.335644218331081934e+00 3.749085577992685270e+00 3.514071205146682697e+00
1.394913725135175309e+00 4.812143515272306438e+00 5.086832863660073478e+00
1.054188172240703381e+00 5.397423170714695573e+00 2.248741887568993292e+00
-4.228412876450721725e-01 2.409184803794976126e+00 2.734001160392347085e+00
-2.232288809192876755e+00 -1.466796828400242614e+00 2.426249885388497063e+00
-2.432194042846209103e-01 4.715561864034299333e+00 7.188948969395853039e-01
2.957169522376722481e-01 -2.001886955800066037e+00 3.813241983205053032e+00
1.695625618448724392e+00 3.639492543413180847e-01 2.767292006231073298e+00
-9.079391283617318509e-01 -9.013387587705005144e-01 3.949704348095254058e+00
2.471947049734134261e+00 4.349690063956166419e+00 1.950805153762474209e+00
2.969864348356018535e+00 3.077547681024050519e+00 -4.675341812608824199e-02
-2.614941645293658579e-01 -2.038191141773899040e-01 1.038992249078143804e+00
2.401402704834878943e+00 4.076751515001842741e+00 1.900439243742540807e+00
2.994508051568040230e+00 -1.444146981051558143e+00 3.366348445511649246e+00
9.614722709826233338e-01 7.694945133213311195e-01 3.056553864537835175e+00
1.775351997328934450e-01 5.271370237638205225e+00 3.573031170924161337e+00
-1.448193292321712455e+00 -1.498962957229872606e+00 4.499369723689238931e+00
1.936467367692883190e+00 1.878353260982138284e+00 2.018778334834474109e+00
3.969772194075910643e-01 -1.557097669038212118e+00 4.080417156169377613e+00
-6.056726174310257393e-01 5.534159083435412185e+00 2.749963015410788358e+00
1.588855151489820594e+00 -2.128383250066507415e+00 1.461126264096536342e+00
9.128843510555310070e-01 2.869869826709224636e+00 1.536294857883797826e+00
4.543272946652263111e-01 2.273704040226820045e+00 5.063028685946830976e-01
4.174500194402160247e+00 5.708455916195063651e+00 2.002624756128371875e+00
6.425545631821145687e-01 3.015407465736882564e+00 2.131698936949811607e+00
6.453423257873260876e-01 -9.600388606141931902e-01 4.904420386326880710e+00
4.184010679797697918e+00 -5.144971953813659571e-02 2.789459829987376516e+00
9.182863909412377623e-01 -4.293955758663974720e+00 2.376212559223322973e+00
-1.247323228090235325e+00 -1.619361091480227888e+00 7.687790264319602773e-01
9.411354210143167975e-01 5.922579419617123975e+00 -9.510560518154951293e-01
1.100845654722908185e+00 -1.459155229313659374e+00 5.706901762110564214e+00
-1.541762465696489892e+00 4.626235713387530701e+00 2.201096369437254729e+00
1.152013949820088201e-01 -1.636583482144201573e+00 9.718127773980125284e-01
1.454361557961026730e+00 5.589033245302426955e+00 1.078729131482657255e+00
3.601027004623758021e+00 -1.839331667864400277e+00 5.279439117546480098e+00
2.666223961706255530e+00 2.683890064903255102e+00 3.340645428162238861e-01
1.208569780398364824e+00 -1.065305151202758260e+00 3.156757963893675800e+00
1.817342543330929261e-01 -8.273346516489374913e-01 2.776293501716344814e+00
3.520542437788735768e+00 4.281500772416335643e+00 3.287376426970094911e+00
1.634834515054558901e+00 3.974475784951570390e+00 4.292125904249760593e-01
-1.822471382749047408e-01 -2.867265616693192687e+00 2.683846424837191158e+00
3.959638082705252415e-01 3.538348217997947298e+00 2.331155762943342591e+00
2.279715308891688164e+00 4.719095186217582061e+00 5.986106657661505182e-01
-3.610304443253832818e-01 -4.172193740311530563e-02 8.707449162094738071e-01
3.174857958432731886e-01 4.575794971275121803e+00 1.301042470469070178e+00
2.399519728860282086e-01 -2.082150259992459507e+00 1.478999172372239990e+00
-8.151884688678325830e-01 -3.493359568883724453e+00 6.185006811879312227e-01
2.519707921092478320e-01 1.971650618287801304e-01 3.364153792265541121e+00
4.469454815598038477e-01 -2.059447109804966924e+00 7.933942135711025134e-02
2.441228633272064741e+00 4.838336923209992868e+00 3.115127273720799561e+00
1.474148767754805300e+00 -1.233623100433434150e-02 1.409914452809834184e+00
1.043971101694510573e+00 7.813224536478476701e+00 1.640618253909121638e+00
1.557190791639090133e+00 9.204409833451059342e-01 5.215072559794722284e-01
3.866251441210415973e-01 -3.421663381349637323e+00 -1.248156456808027670e+00
1.323317991512955594e+00 -1.950197828257558719e+00 1.180577483557078811e+00
2.146639769134654596e+00 -1.036304699540372631e+00 5.365278402631529886e+00
8.105359709476033236e-01 1.812737609644495151e+00 2.227989331143015672e+00
-1.035975009828068671e+00 5.019134880831723322e+00 2.277941893502994475e+00
1.486217554248387973e+00 4.280264160044557897e+00 2.296659773880211919e+00
-6.699749036088720189e-01 6.872245159463334474e+00 8.670949905851523809e-01
1.565864479516632102e+00 2.895314968431712543e+00 3.580799008552744134e+00
-3.522891243956904894e-02 4.351533164859916702e+00 1.101498403864556108e+00
7.528374205981230860e-02 6.632152097521231582e+00 2.485624253437896947e+00
-5.548633799652846754e-02 2.482671222807208977e+00 1.393883572993990461e+00
3.219763862006046029e+00 -1.619518965408757394e+00 2.247627880839190517e+00
2.856415963780919443e-01 1.135083828238093950e+00 2.328152469201953068e+00
9.003647671039962663e-01 3.527508763682785098e+00 5.870227323947226905e-01
-1.161900166488405439e+00 -3.128517029750565559e+00 5.559781452462916995e+00
1.503507691191898088e+00 1.378164680381922302e+00 7.400239671855013412e-01
9.724495598376712291e-01 4.951496574151722507e-01 4.279430458314970487e+00
2.797635413932575976e-01 5.836473205831399724e+00 1.226456511307783659e+00
7.053006988963842483e-01 -1.934561362957950781e+00 3.243651710290542667e+00
-1.671176132812188242e-01 -1.500630593304578264e+00 3.403320908246800336e+00
-7.139686345886202545e-01 3.207770698151152899e+00 1.477947807660964230e+00
-5.923784031967658237e-01 1.536204211518525264e+00 2.975059261602222893e+00
-5.770136156806242589e-01 -2.874386970369929628e+00 4.120959869443896473e+00
-1.722832131706343861e-01 5.137467773572699237e+00 2.070791493282326368e+00
-4.322577301462313670e-01 -1.747934510096171401e+00 4.507591703733783817e+00
-1.217259038782788627e-01 -2.373380877745639328e+00 3.258901186548343709e+00
5.089412803554360654e-01 4.388035340793008388e+00 3.075427602578427733e-01
1.464302414534014218e+00 -1.167103354378987934e+00 3.156320272521587089e+00
-1.349373939078726270e+00 4.929765558996143326e+00 6.387147851964367629e-01
1.869615346452769833e+00 -3.235416302897353713e+00 1.096280186894233788e+00
4.550940997986503977e-01 3.431884612157902303e+00 -3.936842679188653493e-01
2.457793027518492046e+00 -1.279938298932309371e+00 4.245663573146513770e+00
1.217189411082768347e+00 -6.278499544384602560e-01 2.533406920798658035e+00
6.797519741307834762e-01 -2.661644306543027749e+00 3.370153347428271662e+00
3.235397509640388636e-01 7.077682920167402969e+00 3.063709656951530746e+00
-7.628606960533746983e-01 4.174891176990970898e+00 2.346706928501534950e+00
-5.467847718850021854e-02 4.127575507821222622e+00 2.754517160483923810e+00
1.724305490911236305e+00 5.875745561400469441e+00 2.481687027643699306e+00
1.383025355502461418e+00 3.101541999356827617e+00 1.084495373661236606e+00
-2.523936218674134868e-01 -3.033388081543825887e+00 1.420594668985326159e+00
-1.511995874236811810e+00 -3.586484317284798440e+00 5.717906983830562950e+00
1.466713971653181181e+00 4.798839999213857510e+00 5.394184019040265454e+00
3.290791971656598758e+00 2.364501962863217344e+00 2.455843825456651697e+00
1.108903209113487165e+00 3.837458069900682389e+00 2.201367770836052618e+00
1.034215906306777288e+00 1.818714673965459383e+00 5.770014149066515774e-01
9.339967360385127426e-01 4.946285133244016308e+00 2.155043355007629113e+00
2.117826666266985125e+00 4.486299852187632276e+00 2.721062370551015963e+00
1.014980431576165465e+00 5.799142591876620401e-01 3.137543417050497219e+00
1.049774379940253688e+00 1.729843410755343092e+00 3.910993694832681999e+00
1.307031562182255691e+00 2.758884402484925058e+00 1.530352474549220299e+00
1.304332854608009518e+00 4.063105003212996724e-02 3.816441550897398560e+00
2.527884908268772435e+00 2.809468366891790581e+00 2.283597540431511197e-01
2.186319949116233285e+00 -2.741343877282075070e+00 4.227850015438740172e+00
2.107509311782326922e+00 -2.779693048509130460e+00 1.497771644897337939e+00
6.511728726831871317e-01 2.908552573661908003e+00 1.787383883301883802e+00
1.189362786327348598e+00 6.583779618597048966e+00 4.634651482557169189e+00
2.583521618359595706e+00 -1.787099858831224575e+00 2.152837951699696717e+00
6.665550623006842867e-01 2.635135079018913196e-01 2.770640444524226531e+00
6.393624708926133327e-01 -4.313763276563767901e-01 4.574749971690336814e+00
1.992938956632358982e+00 -4.313128920613713113e+00 3.491779466418316602e+00
-1.469027441902571951e+00 4.997960710737051393e+00 6.943199748580142217e-01
-1.326661376423126537e+00 -3.491022232718427265e+00 4.144675008110615622e+00
1.514665024284350237e+00 -2.251778326940566899e+00 2.921739034980387562e+00
-1.872134312559072367e+00 -6.206989025578795172e-01 4.735068572104649265e-01
1.656942947500021024e+00 1.559176710941592825e+00 2.110776104298101696e+00
3.502826095403003048e+00 -3.696770848275747312e+00 5.438537986289387893e-01
-3.568103074839511502e-01 5.708901022751275534e+00 4.173759080489041651e+00
1.066112103220909102e+00 3.985002760292926105e+00 9.120957535491303059e-01
7.764462405223258035e-01 -2.582692567207575784e+00 1.761705810273274553e+00
-1.545557244695155319e+00 2.970330290305215115e+00 2.418444462910561921e+00
-5.507927343845521184e-01 4.187005193537113534e+00 2.629366166451279518e+00
1.818362212123875166e-02 -2.213364904656194287e+00 3.475598883579362308e+00
-1.657565796610084075e+00 4.980189020157261837e+00 1.029251174827052751e+00
3.110745323320654343e+00 4.897917204883230013e+00 1.168163519720711196e+00
2.651794510690274720e+00 2.329926211681108583e+00 1.362890614210814144e+00
-7.580035691863740155e-01 5.475584480013379718e+00 4.296994338169930927e+00
2.821706099638076282e+00 6.107357100625007362e+00 1.474277295320949088e+00
2.221249317168149773e+00 3.559633826474546403e+00 1.943060047412365821e+00
4.177072449353301131e+00 4.913410567962698927e+00 1.765502469108117589e+00
1.685040455406761284e+00 3.742134690060792135e-01 3.667129611536111611e+00
1.546920092187928253e+00 -2.739980311191206219e+00 1.261696282634229727e+00
-3.721431561518089293e-01 4.415666937263720726e+00 4.396189173268852945e-01
4.127343348793811373e+00 -8.244466516875182949e-01 3.086989173186728053e+00
2.599172906262392946e+00 2.136377028838332581e+00 2.394530302478500294e-01
2.023955802207499044e+00 4.309443661077794197e+00 3.453040082604332817e+00
4.195108167943676136e+00 -3.012910409162629755e+00 1.413879380278435516e+00
3.584579094728261417e+00 5.795378914421638328e+00 4.033972835885240471e+00
-3.610226259609732313e-01 -3.044565139380138508e+00 3.045334466889683789e+00
4.452792116662691591e-01 2.241360387321361891e+00 1.089839917183541562e+00
-1.690230353554064369e+00 3.504733139479058401e+00 3.691392123084627386e+00
-2.391712394010608200e+00 5.149800130059103864e+00 1.284390744440866428e-01
9.175233114392375988e-01 -1.709821404622321683e+00 3.426471145246767769e+00
-5.805458807880575778e-02 3.620488572172375186e+00 2.081486259970462438e+00
1.666739945146535007e+00 -1.424005172000915254e+00 2.509468109615502041e+00
2.967944122483469727e+00 4.151865098122290654e+00 8.505554404204349606e-01
1.254963947970995308e+00 -1.369055807632991950e+00 2.780393149182547763e+00
1.561410062578384661e+00 3.325174453867859814e+00 1.468837458651475858e+00
-1.942284546199443129e+00 2.934612086245452112e+00 2.384531855122445254e+00
-2.125415261713328730e-01 -2.375150722783890167e+00 3.631929336490294258e+00
2.031310287743603726e-01 -8.563677778933889151e-01 3.076462254533854690e+00
1.053632492701328527e+00 5.604702270661031882e+00 7.827867372250287836e-01
-1.045618055397185664e+00 3.161427245063551439e+00 5.072152543627582943e+00
2.238716974656949521e+00 3.929599457206966573e+00 2.129509993908013765e+00
1.337451343159402617e+00 4.737468085366607795e+00 2.674573752102139323e+00
2.758314767074947937e+00 4.779201245335664261e+00 3.436555757104105879e+00
-1.994924623789395390e+00 3.781919103459161047e+00 2.289790975088847436e+00
-4.882043637770659417e-01 5.913235342260407812e-01 8.472361328722185503e-01
-6.113916269426500349e-01 -2.759228751626604748e+00 5.955007770595587280e-01
2.499768000859647010e+00 5.355349339196035174e+00 1.429051496605326488e+00
-1.124972818744613967e+00 -2.129240329970921053e+00 2.215168194313537509e+00
1.314642573899700295e+00 6.387505300965281130e+00 5.076357753810579965e+00
-1.211493497148579124e+00 -3.934011808013386347e+00 5.105954385847113031e+00
1.960953022988647820e+00 -8.926761512069134596e-01 -1.757402626065566631e+00
6.786717333164264954e-01 4.445075777913610082e+00 3.338511041681745395e-01
-5.832663802485413829e-01 -2.128756078088679615e+00 1.717758547206220010e+00
-3.960762896491635265e-01 -5.931253027644093345e-01 1.971094348712836730e+00
2.598334130233779682e+00 3.356723344774306561e+00 1.693260834253220715e+00
1.172839040310301728e+00 -2.233017760495996651e+00 3.327076845628518686e+00
2.018393794030503674e+00 3.215391259753013653e+00 -1.977841165970561921e-02
2.685371105361446187e+00 2.451548596917910938e+00 2.658779983199201169e+00
2.128123690145550917e+00 5.188607058550169349e+00 1.509479306476692706e+00
9.141688612095438815e-01 3.166981036810641026e+00 1.980141380005644436e+00
2.923038764523143040e+00 7.575266017366197868e-01 2.085768793990742331e+00
1.960706569603577254e+00 2.149940565390708436e+00 2.601073285885842523e+00
-6.803049305961808013e-01 4.382034946339851800e+00 9.459230268459075663e-01
1.118815262414395217e+00 -2.993101329090709584e+00 4.236967174203177144e+00
1.445871631022847215e+00 3.022643718495802823e+00 -1.774217202318240538e+00
2.983464610548844487e+00 -3.988926926456449529e+00 2.685328549155634459e+00
1.718884518094934810e+00 -2.747595738068864701e+00 7.442058452277268144e-01
-4.326928294878757963e-01 -2.094483766231104993e-01 3.047561047344512719e+00
2.703135913143079327e-01 3.978362972543416642e+00 2.723357397775073352e+00
3.932871584592898095e+00 -7.688236053558916705e-01 3.456755996103306749e+00
8.831778051385748007e-01 -4.222650936315333503e+00 1.714502503736906158e+00
1.213202709882656549e+00 -1.535795121971753607e+00 4.966972363938119805e+00
1.045664840661630457e+00 -1.231132430425855517e+00 4.506423142996071718e+00
-4.706479420540975456e-01 3.129843593707102301e+00 1.889683572892545849e+00
9.405944162196114844e-01 4.870290025436240233e-01 1.807978481885232913e+00
3.004414668128246313e-01 -1.768964317638574535e+00 5.609555469170731890e+00
6.220300645629488479e-01 -2.899766837642042683e-01 9.486077495084347388e-01
1.371115052899311015e-01 -2.594106087206500266e-01 1.904491519888027895e+00
3.143030150219177976e+00 2.477753227756547272e-01 3.996228009625559796e+00
-7.597628102397853134e-01 3.835348950759850162e+00 1.818766997187153622e+00
6.172013121826054327e-01 5.953276721279059380e+00 3.038163117516774037e+00
-1.180417132155872739e+00 6.350585099602096939e+00 1.021093744607971088e+00
1.055024407566206301e+00 -1.326034629298691980e+00 1.998943653020718969e+00
2.212753820473615907e+00 -4.267271080678682438e+00 2.313099801058822180e+00
3.465596272831303004e+00 5.906551426422403495e+00 1.375188815655796093e+00
3.208648369239894826e+00 7.147621091494264611e+00 3.823436878172353559e+00
9.389282129826910239e-01 1.821120571065860672e+00 2.760412709804692000e+00
1.850700598176435507e+00 3.704613783554077333e+00 2.610351353204155789e+00
-4.865713125573045694e-01 -3.703911760508443507e+00 2.950668298662929345e+00
8.838304754030239518e-01 4.142829413011628326e+00 9.758609386051881884e-01
1.321559701139290999e-02 -2.870627653838146554e+00 3.740374457080092085e+00
3.319037980858278392e+00 -1.400808293175037633e-02 3.709278335494595957e+00
3.210304021658215490e+00 5.085742949861960405e+00 2.973158310529614212e+00
1.750352038324352710e+00 -2.026121660500220134e+00 3.638519005509802451e+00
3.032753587983177290e+00 3.539022464240671351e+00 2.542571945127156674e+00
1.698965416206594359e+00 -1.050076367364633390e+00 3.570094197929859270e+00
9.370335867303183353e-01 -1.698406753030470950e+00 4.033212534595628007e+00
2.323914205443636583e+00 -6.879555411355793293e-01 1.322338874794800390e+00
-2.136363963681716660e-01 -2.439340738344148551e+00 1.956793675047823866e+00
7.428445327453758740e-01 -3.103989611212002675e+00 3.287855694211791580e+00
-1.001323725920606256e+00 3.747731322617709804e+00 6.368438280984407562e-01
4.032566451797647278e-01 3.967398926070929477e+00 1.601892925750272534e+00
-5.546154359227201125e-01 -2.798774262447534245e-01 3.649841285327629414e+00
9.379181743869458021e-02 -8.807473108034435949e-01 2.693044873733413169e+00
-2.859896104470380784e-01 -1.525031329539175973e+00 2.677972579697557975e+00
9.920201096277257991e-01 6.982593068307142659e+00 2.245635660488307206e+00
2.890383097555776271e+00 6.291308406778613360e+00 2.363266367099817078e+00
1.982125754012859842e+00 3.242528781182524522e+00 2.114917623312620343e+00
-8.038037306454038911e-01 -3.609885675699723850e-01 2.481320066423583715e+00
-8.425433910802138104e-03 5.195556953633650998e-02 5.230454053658390556e+00
3.896403817698409489e-01 1.525239802809824630e+00 4.499149124741506078e+00
5.557368357697314298e-01 3.756747010860861824e+00 2.290323304341423505e+00
3.239583058371647617e+00 -2.937309367157713069e+00 1.927968203679615744e+00
-1.476078057034700297e+00 1.838498828652054717e+00 7.836898983936082530e-01
9.445649804792914939e-01 -1.665072185259839799e+00 4.951046315224749250e+00
-1.156609728914160584e+00 7.300721447073398096e+00 7.704435590815632562e-01
1.857159147646233688e+00 3.545749851551775134e+00 8.315802084419205986e-01
6.997488269936069649e-03 -4.544724492088969114e+00 3.802437669695208022e+00
3.036901787966836519e+00 -1.227102907552822253e-01 3.935452409593827916e+00
2.873886835679643870e+00 4.621032846546206940e+00 9.978854926717095619e-01
2.050819626537149887e+00 -2.158895394208926621e+00 2.213916156914462086e+00
1.010709711958422297e+00 4.287068909685627816e+00 2.072515871237971208e+00
4.594950597862117014e+00 2.863030754998668215e+00 8.655914773713699883e-01
4.075487342266109758e-01 1.690253030734544026e+00 1.004033902644039244e-01
2.817381690879970257e+00 -2.855853736283334943e+00 3.519210779989303983e+00
1.470967841615877791e+00 -1.219274075374125132e+00 4.660182966671798432e+00
-2.095144542031207591e-01 2.942837145160399626e+00 2.391645852881400192e+00
4.568959070755300722e-01 3.111832845841141726e+00 2.352218456350328779e+00
8.512592740269988578e-01 8.413937784028264755e-01 1.724631436253185823e+00
-9.835201990564798047e-01 6.790983346875671955e+00 1.878021453740022828e+00
3.211475723594839904e-01 1.839339387152476135e+00 1.446159827043129731e+00
2.338499496623779983e+00 -1.188143295317870773e+00 2.093634441877061825e+00
9.173458512052516944e-01 2.551647080836593862e+00 2.840182512230508216e+00
2.337735271662829017e+00 -2.151652636876944413e+00 2.502647769172289927e+00
-7.501924313950570911e-01 1.954295745698541475e+00 3.093518569566285237e+00
-1.448441204430053642e+00 3.866031283326595958e+00 9.130292037154428275e-01
1.278489998603144384e+00 5.114947705398975586e+00 -6.718489241424767666e-01
3.891701857020434030e+00 3.683358856308768914e+00 9.340853042717408572e-01
-9.294574191821053377e-01 5.757882389685406999e+00 2.955824137616376301e-01
2.418621891106179422e+00 -4.122318105547034151e+00 3.800995871544381899e+00
1.630761263783971904e-01 -1.945849017139464010e+00 4.804498587577179514e+00
1.173935556993256801e+00 -2.039421159615726786e+00 2.954318632539792766e+00
4.602006804101704263e-01 -4.138438225760258327e+00 1.747425651580813089e+00
-1.531376314408376516e+00 -2.293464708592070522e+00 5.528826430176118301e+00
-1.541819246802307752e+00 -1.729137689863436966e+00 2.041741941140743144e+00
2.905246089166934720e+00 2.043289730126981674e+00 3.069958619975312164e+00
2.171278241093502537e+00 3.316898188643197187e+00 3.508591479277453740e+00
9.434835314988626598e-01 -1.582229309489506353e+00 4.822529386804578877e+00
-4.399722744878048486e-02 5.303361950496261912e+00 1.364187840350047365e+00
1.314785231889852746e+00 -2.491332843251241602e+00 3.143055101842316290e+00
7.170537019413226743e-01 -3.745877983166786329e+00 2.419728845309884413e+00
1.342935262488943904e+00 6.405804574386329442e+00 1.439694830946071535e+00
1.472135212958055828e+00 5.727657037785743199e+00 -1.983273326396916003e-01
1.769685506171368328e+00 4.673009010475656311e+00 3.350547009004849475e+00
-2.288171367130401368e+00 -8.375266559708215430e-01 3.337969051389642505e+00
-7.665526705162805099e-01 -2.348181164241053498e+00 3.916832980437428890e+00
-1.025117628557635108e+00 2.283711068752056761e+00 3.095927250468076153e+00
2.928645002312552093e-02 -4.065459669433068690e+00 4.011901780753762026e+00
3.575351858925194914e+00 5.330538987737175383e+00 2.611505023354530497e+00
2.263632168282892820e+00 -1.571688195676455235e+00 2.740626084783234440e+00
-3.506153912871556866e-01 -1.268395304378122646e+00 4.440567997074241768e-01
1.187483989788481908e+00 4.191091204174300922e-01 4.419878787353217042e+00
-1.670291586203394463e+00 -1.457701424788378386e+00 1.480320540993280698e+00
4.800387933960836850e-02 -1.988440929272408564e+00 3.321418371097492273e+00
-7.157469186585152521e-01 4.724449885422833617e+00 5.655821050385064774e-01
2.010997325348677478e+00 6.256556671795888036e+00 1.113136181970509231e+00
1.207699427499942191e+00 -7.303402527548163992e-01 3.276600632313802830e+00
8.077716559313014022e-01 -2.726774447932903023e+00 2.587768591602588764e+00
1.849010011940645515e-01 3.825266101579603006e-01 3.736853610858076324e-01
1.314683060253150737e+00 4.978355477796378992e+00 1.954354108048404814e+00
2.133379001561763744e+00 5.847945570622541389e+00 6.921226524942978298e-01
9.682628019256778185e-01 -2.900681838755511666e-01 3.714649811136665036e+00
1.670881284847429704e-01 3.890281525607554691e+00 9.906755726625454672e-01
1.883565195395103142e+00 -2.497484302796044719e+00 3.174747579061441005e+00
1.400322090231935546e+00 -5.183250552020940205e+00 4.590269100568542093e+00
2.064069866792304975e+00 -1.580518113544166159e+00 3.421905875326110458e+00
1.684640803678268073e+00 5.699400071615064789e+00 1.792292917942347685e+00
-1.560547300745329435e+00 -2.626873224597404466e+00 6.142244063634052509e+00
9.369817225301193542e-01 1.771442285791241744e+00 1.886568547593548528e+00
3.191586261297154614e-01 2.424594287373500467e+00 3.221503055180742869e+00
2.766414334425804644e-01 2.887117943571014589e+00 1.440192981629054847e+00
4.214620159797176413e+00 -4.223087719772252058e+00 1.322732854101212219e+00
-2.802469843154228313e-01 3.417012671801745505e+00 1.053687091893778405e+00
-1.583135207391023869e+00 7.229950420296074043e+00 1.290789248805397360e+00
-5.609406740908091660e-01 4.924275966115443381e-01 2.216642500846341957e+00
1.008296914311817893e+00 2.925117160143474226e+00 2.344398295030701629e+00
2.060920819153192252e+00 4.340705515320257390e+00 3.135243116647625783e+00
1.864341710054500778e+00 -4.397518019514166099e+00 3.913224626220194402e+00
3.781150793104535168e+00 -4.699488036003616642e+00 5.025930419419752937e+00
1.509492767662148571e+00 5.525567061180189476e+00 2.143655905205322565e+00
5.185976518755273101e-01 -2.830197833520834205e+00 3.902468387622076040e+00
5.689005357329190993e-03 -1.910840517043308484e+00 2.395812691869192879e+00
2.327509808977775485e+00 5.002280987044080085e+00 -2.490980079829581140e-01
2.062822835851441994e+00 6.381679647531735888e+00 1.600620141296768439e+00
7.369099213270946525e-01 4.103234987945731049e+00 3.671883230397271713e+00
-7.340243728559473491e-01 6.936266558061477738e+00 1.855784887968489505e+00
9.967540526176758009e-01 -2.270597255039719986e+00 4.742748831947532828e+00
4.390989653267099446e-01 5.137731347013087202e+00 3.393978352430172762e+00
-2.339439186003947846e+00 4.509225139143491212e-01 2.558937374619605798e+00
2.242036297972176406e+00 -1.515477765744668748e+00 4.248179291207264008e+00
3.392751248971964673e-01 3.058840431141446992e+00 4.172025617267294706e+00
4.221124002467529834e+00 6.308579251602978388e+00 1.501494764519212044e+00
6.591452826063982640e-01 -1.166818619276827063e+00 3.068121373469058000e+00
1.583628130019154145e+00 -8.339139600038802946e-02 4.074137701940527378e+00
1.439396941301414712e+00 2.247647353633799305e+00 3.353746905656657340e+00
2.553204596131162685e+00 -9.261079863238466103e-01 1.631328326762781167e+00
-1.460890190863837201e-01 -1.156754977251949867e+00 5.206818602660335138e+00
-7.334336045936660220e-01 5.481223609309139988e+00 1.223803081575926210e+00
-4.229134837131621749e-01 6.168766404131122094e+00 3.274278584596440833e+00
-9.324923102755072746e-02 -1.212129796337322762e+00 1.056945361998780752e+00
2.704767425721175123e+00 5.923215215503621955e+00 8.352211326265732705e-01
6.543359885729010950e-01 -3.727587459559503769e-01 3.413681376185496052e+00
8.648587967543174271e-01 -1.933715023057151816e+00 9.421200781244305489e-01
9.560267187222598606e-01 -5.870576371038649377e-01 5.808844690580278192e-01
1.220524361397354651e+00 -3.036452295739731966e+00 2.643524790047695916e+00
2.033866155030043199e+00 -1.541988721025427722e+00 4.774892665270781933e+00
-5.094505786397474090e-02 2.997591603675567207e+00 1.186993024286254306e+00
1.592167831454053495e+00 4.519852684189706871e+00 4.236677781877340010e+00
1.889535830259671201e+00 2.735907278227958095e+00 3.871985455956928668e+00
1.262415983041674794e+00 -9.413565979589721966e-01 5.300678297979421139e+00
2.593566034117851693e+00 4.650103279322452821e-01 3.827335423365306077e+00
4.708011091076694576e+00 -1.370665617712611417e-01 3.755005082261121174e+00
2.870370158519395698e+00 -2.012090221947041790e+00 3.214624513107923853e+00
6.836320918277397629e-01 -3.368358643837517707e+00 2.975073337475524493e+00
1.813251306396056473e+00 -1.097885222754728884e+00 4.385733207502187092e+00
1.066499956297618734e+00 -2.510221557448442997e+00 3.019157547094609484e+00
9.249066577485642870e-01 5.948307595947087911e+00 1.703943819416072758e+00
1.990920020966244763e+00 5.168673552370801616e+00 1.742819388065885100e+00
1.196147901545718817e+00 1.456193864671180727e+00 4.593807459865407949e+00
4.333364265733745668e+00 8.734977149012328468e-01 2.634630091006446850e+00
6.084009171219902923e-01 -1.576882937489635150e+00 6.216770152338834121e-01
1.095024611800040404e+00 -3.635244084309740664e+00 2.393208991165816979e+00
4.361355324493809249e+00 3.246736913664039381e+00 3.470158608887119467e+00
3.019974863821571098e+00 -1.292189627802457386e+00 2.593366293889533214e+00
9.260468157612293805e-01 -1.649955242940132072e+00 1.482145113920007251e+00
5.188246217648644354e-01 5.847190566340671580e+00 1.946837010092870246e+00
-1.375381507916185964e+00 2.535050431491858269e+00 4.007409628930018286e+00
4.078221934191257336e-01 -1.539218836626326858e+00 2.133953136735405209e+00
4.073009370585474187e+00 4.137976341599681085e+00 3.585526589006577058e+00
-8.590770322371832357e-01 -3.801578336716054940e-01 2.515323158519050750e+00
2.233671182085029461e+00 -7.575287429802413097e-01 -8.939759501992146085e-01
2.255097987738342802e+00 3.405806422063911043e+00 3.814220424922858399e-01
9.507394577543342162e-01 4.872514930781012943e+00 5.444230947469155701e+00
-2.758867904151973138e-01 -5.892260285713104562e-01 1.697488265691361686e+00
-3.502725798877498464e-01 -2.424129691996633973e+00 6.378233335450275154e-01
1.182217578057930929e+00 1.026951215140781137e+00 3.019333606433502126e+00
1.946367890515977805e+00 -1.975043414076809833e+00 1.264536974972486405e+00
1.524364534747059352e+00 -3.387228517833561270e+00 4.267963625479231027e+00
2.620189530974626368e+00 -2.893179579679884483e+00 5.022149371483487279e+00
-1.976666956132535180e+00 3.313702847247265826e+00 2.318995951376919606e+00
1.540908375279939291e+00 2.654686141572097924e+00 2.502624782741961429e+00
1.737128505210917995e+00 4.129442776867666254e+00 6.340346290725582534e-01
1.417405322948078306e+00 -3.656630984936815598e-01 1.756193808176883753e+00
1.524444214763926109e+00 -1.586932101249355132e+00 1.028201246225217025e+00
2.675889897886078117e+00 1.376081175225986719e+00 1.065429926838630692e+00
5.228159526834916804e-01 2.730957879847751180e+00 -7.475938433558526608e-02
6.954943035077446600e-01 6.602956148986076634e+00 4.259305676283305253e+00
2.011454021815151094e-02 3.707879605955193725e+00 1.855946655052444161e+00
-1.479046684788465793e+00 -2.602225533150263614e-01 1.098580537019585357e+00
1.405001870465610203e+00 -5.492321206709818160e-01 2.920088761701238766e+00
2.729737965963017765e-01 1.001625399197553890e+00 2.354217816777575134e+00
4.935789922610768210e-01 -2.888456650906336964e-01 2.470397507839371620e+00
3.279305945555988533e+00 -2.491790415905013933e+00 1.217493022875434150e+00
1.574839597006690406e+00 1.448981928084147608e-01 4.989135983808918873e+00
-3.594255630403491164e+00 -2.054976716004485171e-01 5.630079977201585706e+00
1.579254123713547564e+00 7.128513373032771661e+00 3.362892971920794505e-02
4.135494035545691505e-01 2.464493039773861138e+00 2.330276320319279559e+00
6.902898381743960421e-01 3.711513056398214605e+00 1.653667216091927905e+00
-1.324205283358010465e+00 -3.435741215770381274e+00 5.196021266778492631e+00
-2.504621335139617599e+00 4.779528266887423271e+00 2.835328443289178768e+00
2.227400968977361284e+00 -1.935101647249218182e+00 3.345068160034667226e+00
1.705158064852202671e+00 -1.740572139485959902e+00 2.617352041325641032e+00
2.792560280311227605e-01 -2.132092788353107782e+00 1.728394356914070285e-01
2.891375584056267378e+00 -1.599420948891635330e+00 2.005730375905587337e+00
1.956697971707035855e+00 5.600441625737648366e+00 9.420199908232149699e-01
1.529041086201422095e+00 -1.157000733829904204e+00 1.979546708669242427e+00
1.454422488911496059e+00 -3.011637837542584517e+00 3.883329174513129978e+00
2.662898855312047619e+00 5.436880870943397781e+00 3.356378638465254305e+00
1.261737414937404544e+00 3.026193531568004857e+00 4.789352921624816517e+00
2.387646500409164929e+00 4.911593447932721901e+00 2.802346128457162688e+00
2.589339105129640828e+00 -2.052073675724576662e-01 4.467366053113041247e+00
9.093769388627095385e-01 4.596391873175461384e+00 -6.170767621255095481e-01
8.197548413044560833e-01 2.821784413707788541e+00 2.888240777089312594e-01
1.110373618668119011e+00 1.223249029501611851e+00 3.451437534919099104e+00
2.389972257377085629e+00 3.902395208095368329e+00 1.038228849086201944e+00
2.028807155422301278e+00 -2.464445099248912641e+00 2.332293220354860086e+00
1.666918346327072031e+00 -2.016381706459382972e+00 3.821943745977116613e+00
4.286872537271085859e-01 1.616796005386614610e+00 1.967387694732086301e+00
-2.529900230934339911e-02 6.826669937558096812e+00 7.763887506769069358e-01
1.772901074455491277e-01 -1.227426880573594392e-01 4.131652706612866766e+00
4.550987240842408355e+00 5.720506557934010416e+00 6.860341832666396744e-01
1.503940244568532592e+00 4.872640627751770204e+00 1.350218197381565233e+00
6.033127125226243059e-01 -1.397029242973777174e+00 5.046764830199548690e+00
1.129666910407435498e+00 3.544857000596690622e-02 2.858980274776192765e+00
-2.128707458973803757e+00 4.943175423615540964e+00 3.070629573978245652e+00
-1.172756251641482450e-03 -1.477269386513765603e+00 1.636640370111590581e+00
3.388574999779708108e+00 -3.651809236860366514e+00 -1.285421936254447228e+00
1.811107172419723632e+00 -3.914075826408953240e+00 2.922715585997855747e+00
2.149936760604594932e-01 2.725967173620879258e+00 5.801068108813388413e+00
-1.374221987745908313e+00 3.626832771794600951e+00 2.453799483882231236e+00
1.025483199967062831e+00 4.295923779934731623e-01 3.243419759548633596e-01
3.482684627729780935e+00 4.219587796775254418e+00 2.053189957330233906e+00
2.986441334089345645e+00 2.947448735404523124e-02 2.946069948994509247e+00
-5.339775499019806526e-01 6.826152401849381768e+00 8.668375287236600446e-01
1.749674698777566872e+00 -1.402987464987604405e+00 1.685580485803831019e+00
1.189199823527664623e+00 3.824794701730747093e+00 3.092575648038156988e+00
7.491511930118212037e-01 -3.102884768103140178e+00 2.458953398685534530e+00
2.860666788466206256e+00 -1.565601850603636436e+00 4.635775520861959542e+00
1.324135438434854040e+00 -9.038030739652156420e-01 1.370658570860235681e+00
1.809652424047532904e+00 -2.786352683981693001e+00 8.655146183255363335e-01
1.350647475474266779e+00 -6.146693718209436108e-01 4.590325745754225473e+00
9.393068573761894635e-01 -2.165217332379077764e+00 5.050845600271819613e+00
2.625264622109135804e+00 -2.410747492987129981e+00 2.245184752027033603e+00
1.476781569607895417e+00 6.544905937184799072e+00 1.747530125784176214e+00
3.860683118267072889e+00 6.524559514600026588e+00 4.856605962072732652e+00
1.317359241228187816e+00 2.778679354533736490e+00 1.883104534276680342e+00
2.211207178107197358e+00 -3.574648329059658902e+00 5.838530225563658860e+00
2.321771945627765454e+00 -1.771786436471673998e+00 2.788199337266551670e+00
7.437549389102438013e-01 5.224906382967510865e+00 3.438577528782667869e+00
-1.223366413157275900e+00 5.085384642127527499e+00 1.191585566713278421e+00
1.733648317472283318e-01 4.341895140025913591e+00 3.786543567173906055e+00
2.335337065959572911e+00 3.011948799866336124e+00 4.920364951081428018e+00
1.296490151911748434e+00 2.490926846848558363e+00 1.692237776627548262e+00
2.204106333195366307e+00 -2.843859938025711021e+00 4.862107062624946963e+00
-1.336111020961186169e+00 8.195424209100618640e+00 1.449219080656471759e+00
2.176717002556536329e+00 3.840115660290826849e+00 1.705067529117338498e+00
-8.849729724365916761e-01 -2.432663342416132135e+00 1.193551166447444967e+00
1.588885375661182930e+00 -1.412091727509855454e-01 2.719030239352545397e+00
6.309439443834184980e-01 -1.150406839209419774e+00 4.500019149103547278e+00
1.939005615564353691e-01 2.526757441831061879e+00 3.496307619123867116e+00
1.844052325139812654e+00 4.828269012938150695e+00 9.090516355732130016e-01
1.026591620089514212e+00 -3.989841317061122994e-01 3.762366839212313963e+00
-2.308605324103089051e-01 7.823757873238232463e+00 1.365258608904901250e-01
-6.670305871150961075e-01 -2.812521296228652989e+00 3.934075515352740027e+00
1.501601956632990120e+00 -4.190736013164649165e+00 5.421758470898575766e+00
2.109880511888309051e+00 3.495088372318905012e+00 9.307320043785325403e-01
1.469788041251693489e+00 -1.425665627360695575e+00 2.942389387502461151e+00
1.556623825335388123e+00 3.537579621095080284e+00 2.843192452492593336e-01
-5.920167570577039573e-01 2.676503238256222161e+00 3.731225494737874460e+00
2.456308320505526055e+00 -8.082611770745629087e-01 1.750606979148939368e+00
-6.885468117643578356e-01 -2.360881561040356846e+00 2.957989835345077534e+00
2.242814543148815787e+00 2.803464306364042979e+00 -2.618891237335398969e-01
-8.948165479650531662e-01 -2.277518514178301867e+00 3.297087519461854299e+00
1.043588796037643873e-01 -1.266336233741370609e+00 3.767700235060440939e+00
1.376811409935233321e+00 -1.733572834650561889e+00 1.482161051606597280e+00
2.126264851014123991e+00 4.838226553656823192e+00 -5.975401545826686256e-01
2.471303441817952695e+00 3.229558146713363609e+00 3.202131717654992382e+00
-2.067338032175542462e-01 5.945744889516527465e+00 2.407499810355975267e+00
-5.313037692851443339e-01 8.858792207011797482e-01 2.075514136928291009e+00
5.869046057954359075e-01 4.850509201309148644e+00 4.262250455646384495e+00
4.102612224571886013e-01 -2.593863552836088715e+00 2.335650972609748077e+00
1.773005973306022998e-01 -2.311780428299248236e+00 4.449719376083867139e+00
-1.124955971696242729e+00 3.705709815624782522e-01 2.466706446619081561e+00
3.195400114298440064e-01 3.556738651409932839e+00 4.949565602158355837e+00
1.117797462522106100e+00 4.240530150512521246e+00 1.624936732848016652e+00
7.622978854393114290e-01 -4.294156226763171103e-01 2.819649698616397693e+00
-1.078912354773210680e+00 -7.153916832821943794e-01 2.790208857554013822e+00
4.999554376511962106e-01 1.855152374346415112e+00 1.954566289511094901e+00
-2.904168033188407883e+00 -3.589680732197766844e+00 3.669370609603042066e+00
7.594198531458911106e-01 3.761388406275960161e+00 3.652145225624654934e+00
-9.264512111808540507e-01 -1.315896158259964421e+00 1.802373999281812633e+00
-1.307762852620379945e-01 4.723674226013247157e+00 1.908041936968440488e+00
3.590273249529941868e+00 3.969878806025909146e+00 6.856486943701829428e-01
1.161852949896754916e+00 4.108626896157834274e+00 2.196197365511230792e+00
3.230334708026538770e+00 -6.069146737288541038e-01 2.488943534105362954e+00
5.872465941020007518e-01 -2.544047204401276296e+00 4.048869461800841840e+00
-6.745919503002724138e-01 -2.817297691158183959e+00 3.410334203834255451e+00
2.948786133628174877e+00 -4.009920070686422200e+00 3.148348952556621949e+00
1.231358405950847335e+00 -1.659467298020638193e+00 3.065449121556335754e+00
-2.651802504728156817e-02 -8.274689478966216205e-01 5.490129674347186572e+00
-1.613153824951020221e+00 4.569926540829019501e+00 1.452596117120484642e+00
-4.305502681806824827e-01 4.953449257175405407e+00 1.446354930650152193e+00
-1.928149630223265465e+00 4.586955222639132579e+00 2.841104057184185905e+00
2.160455470984637416e-01 3.409316269772627805e+00 1.976416577028557997e+00
1.697942768129748092e+00 8.442819998480763033e+00 1.943265554056153421e+00
2.135312334200067497e+00 1.811389890776544442e+00 2.727560448067846366e+00
2.392803124167660833e+00 -1.750053241572424811e+00 3.061888568787777487e+00
2.427439303621847788e+00 4.220758505414806017e+00 1.659361498543845626e+00
-2.284101007415716644e+00 -4.285173918859653597e+00 5.868028219235232434e+00
1.788612165293126943e-01 4.852560509323676996e+00 4.002005421893255921e+00
1.716149645142978519e+00 -1.300676703723015359e+00 2.534676082051468882e+00
-6.780892408865595300e-01 4.151241415616082620e+00 2.084186598202493190e+00
-2.578110279293409413e+00 5.599865778194861754e+00 -1.304138566559727597e+00
8.299937043979350726e-01 -1.408221427327603248e+00 4.193678286618279571e+00
1.707805350725146276e+00 -4.282679985895915253e-01 2.355048660192113452e+00
4.279434435674390191e-01 5.710926138806858177e+00 2.500367280174047302e+00
-6.361829269530908659e-01 -2.809764699098201923e+00 4.803711737576613849e+00
-1.090855122049620540e+00 3.835823165574070437e+00 7.948319282139177933e-01
-1.440047526628405627e+00 4.250135219658058183e+00 5.626385548262502923e+00
3.016192891065722304e+00 4.168214316532969477e+00 4.106663381142947600e+00
2.385868902715695850e+00 1.330691447618120637e+00 2.895716431843355032e+00
6.430262190842096492e-01 -1.728103187374535388e+00 4.749959700521920070e+00
2.971404374178021612e-01 -3.735388405921640231e+00 4.287685147711388645e+00
2.510191536718016092e-01 -6.677769629360821302e-01 3.934217811714697977e+00
1.570280147538962945e+00 2.664195064352631093e+00 -1.816188676255308110e-01
3.037138951118478314e+00 2.205758408274786309e+00 5.461836560854376188e+00
-4.818123751560553503e-01 2.437499568300206754e+00 3.728066800933863334e+00
9.128860710084463204e-02 -1.378096719424652283e+00 5.282330720274698521e+00
8.045839712404362354e-01 3.618466811943148453e-01 3.974048794545495422e+00
1.728855027428091828e+00 -2.532092859812850705e+00 2.827338519744614587e+00
-1.559971778674751341e+00 -4.191486937741769836e+00 3.241211842016149536e+00
1.582208705159115381e+00 -2.319910001625138829e+00 2.755876506161685668e+00
-1.688972352487295159e-01 -4.474017574159083188e-01 2.545253301275565150e+00
-5.257355563367078766e-01 -1.329036379540787571e+00 -5.296612527028721207e-02
1.048535473031382059e+00 -7.181621020506110398e-01 3.047147524903302429e+00
-2.355304296105129591e-01 -3.328706291747990154e+00 3.702774869365237365e+00
1.883950204669745165e+00 5.647121305775375966e+00 1.857404561762926898e+00
1.419917512800650261e+00 -5.320168787031448465e-01 1.260957365043416267e+00
1.044289863571215227e+00 5.753811107859623242e-01 3.155533031511419839e+00
-1.216328953845617011e+00 3.278627677265367524e+00 2.606584865466281098e+00
1.578518661181926408e+00 6.141093173738879862e+00 2.152551680948241675e+00
3.246262202406303032e+00 5.133485423759766242e+00 1.986711580442525049e+00
3.108310882645545004e+00 -9.432630599233250424e-01 4.674443858263854779e+00
-2.321696827625566728e-01 2.626319440965941610e+00 1.858686504120758975e+00
1.541584859822834108e+00 3.485219366421716369e+00 -7.716112460362940517e-01
2.965848923577040441e+00 3.261935537851341937e+00 1.830815710941371410e+00
1.583412796607241324e+00 4.639552672417756263e+00 2.549701994624484769e+00
1.186959593263516410e+00 -3.262429934445707502e+00 4.073891843028137671e+00
5.742650221194245397e-01 5.507471921142982119e+00 3.476145473093499305e+00
3.324745063438275139e+00 -2.763517695213657532e+00 3.551752819742446388e+00
1.276160807014719234e+00 -2.113101007343426208e+00 4.732657450948579481e+00
4.335972706128952137e-01 -1.569697317973530515e+00 2.430786863708682244e+00
9.753942441615696124e-01 -2.845644956474518317e+00 2.571229849943627688e+00
1.028960866320443479e+00 -1.187836996984407145e-01 3.828549769207191034e+00
4.209064174899806998e-01 3.623081265870388368e+00 2.660164331677747906e+00
2.400401288935136268e+00 4.435114189526176531e+00 2.171142431876255108e-01
1.651156020050106754e+00 -2.820304512851760759e+00 3.158874046062781549e+00
1.793482416543074720e+00 -2.749817504926593603e+00 5.619703247545924540e+00
1.827205495325499029e+00 3.969774676675658309e+00 1.525119898297078835e+00
2.056320717558973943e+00 1.567402343541645093e+00 2.510673378125879651e+00
